  4.7734000e+004  5.0977000e+004  1.0000000e+000
  4.8064000e+004  5.3841000e+004  1.0000000e+000
  4.8355000e+004  5.2122000e+004  1.0000000e+000
  4.8904000e+004  5.0098000e+004  1.0000000e+000
  4.9089000e+004  5.2648000e+004  1.0000000e+000
  4.9171000e+004  5.2633000e+004  1.0000000e+000
  4.9178000e+004  5.0250000e+004  1.0000000e+000
  4.9206000e+004  5.1109000e+004  1.0000000e+000
  4.9266000e+004  5.2614000e+004  1.0000000e+000
  4.9365000e+004  5.4114000e+004  1.0000000e+000
  4.9409000e+004  5.4480000e+004  1.0000000e+000
  4.9562000e+004  5.4012000e+004  1.0000000e+000
  4.9600000e+004  5.5535000e+004  1.0000000e+000
  4.9721000e+004  5.2845000e+004  1.0000000e+000
  4.9883000e+004  5.1899000e+004  1.0000000e+000
  4.9905000e+004  5.2394000e+004  1.0000000e+000
  4.9971000e+004  5.2799000e+004  1.0000000e+000
  5.0020000e+004  5.4119000e+004  1.0000000e+000
  5.0027000e+004  5.4044000e+004  1.0000000e+000
  5.0032000e+004  5.0583000e+004  1.0000000e+000
  5.0040000e+004  5.4429000e+004  1.0000000e+000
  5.0057000e+004  5.2127000e+004  1.0000000e+000
  5.0103000e+004  5.4086000e+004  1.0000000e+000
  5.0130000e+004  5.0023000e+004  1.0000000e+000
  5.0147000e+004  4.9657000e+004  1.0000000e+000
  5.0154000e+004  5.4060000e+004  1.0000000e+000
  5.0158000e+004  5.3766000e+004  1.0000000e+000
  5.0161000e+004  5.4318000e+004  1.0000000e+000
  5.0181000e+004  5.4416000e+004  1.0000000e+000
  5.0183000e+004  5.3315000e+004  1.0000000e+000
  5.7932000e+004  6.4286000e+004  2.0000000e+000
  5.8020000e+004  6.2885000e+004  2.0000000e+000
  5.8073000e+004  6.2533000e+004  2.0000000e+000
  5.8363000e+004  6.4461000e+004  2.0000000e+000
  5.8507000e+004  6.0952000e+004  2.0000000e+000
  5.8540000e+004  6.0532000e+004  2.0000000e+000
  5.8882000e+004  6.3168000e+004  2.0000000e+000
  5.8959000e+004  6.3322000e+004  2.0000000e+000
  5.9034000e+004  6.0585000e+004  2.0000000e+000
  5.9145000e+004  6.1717000e+004  2.0000000e+000
  5.9164000e+004  5.9757000e+004  2.0000000e+000
  5.9168000e+004  6.1401000e+004  2.0000000e+000
  5.9250000e+004  6.1922000e+004  2.0000000e+000
  5.9318000e+004  6.2083000e+004  2.0000000e+000
  5.9458000e+004  6.1429000e+004  2.0000000e+000
  5.9464000e+004  6.0412000e+004  2.0000000e+000
  5.9518000e+004  6.2946000e+004  2.0000000e+000
  5.9529000e+004  6.1856000e+004  2.0000000e+000
  5.9534000e+004  6.0771000e+004  2.0000000e+000
  5.9546000e+004  6.0124000e+004  2.0000000e+000
  5.9577000e+004  6.3185000e+004  2.0000000e+000
  5.9665000e+004  6.3065000e+004  2.0000000e+000
  5.9675000e+004  6.3765000e+004  2.0000000e+000
  5.9713000e+004  6.1255000e+004  2.0000000e+000
  5.9719000e+004  5.9465000e+004  2.0000000e+000
  5.9759000e+004  6.3334000e+004  2.0000000e+000
  5.9771000e+004  6.2352000e+004  2.0000000e+000
  5.9778000e+004  6.4199000e+004  2.0000000e+000
  5.9781000e+004  6.5082000e+004  2.0000000e+000
  5.9801000e+004  6.3234000e+004  2.0000000e+000
  6.7416000e+004  6.9872000e+004  3.0000000e+000
  6.7693000e+004  5.8566000e+004  3.0000000e+000
  6.7715000e+004  5.9904000e+004  3.0000000e+000
  6.8135000e+004  6.7963000e+004  3.0000000e+000
  6.8382000e+004  6.9349000e+004  3.0000000e+000
  6.8387000e+004  7.0288000e+004  3.0000000e+000
  6.8389000e+004  6.9499000e+004  3.0000000e+000
  6.8422000e+004  6.6277000e+004  3.0000000e+000
  6.8513000e+004  6.9486000e+004  3.0000000e+000
  6.8713000e+004  7.0370000e+004  3.0000000e+000
  6.8826000e+004  6.8737000e+004  3.0000000e+000
  6.8872000e+004  6.6853000e+004  3.0000000e+000
  6.8926000e+004  6.8515000e+004  3.0000000e+000
  6.8957000e+004  7.2247000e+004  3.0000000e+000
  6.8965000e+004  6.9556000e+004  3.0000000e+000
  6.8998000e+004  6.9668000e+004  3.0000000e+000
  6.9125000e+004  6.7914000e+004  3.0000000e+000
  6.9127000e+004  6.9546000e+004  3.0000000e+000
  6.9138000e+004  7.0576000e+004  3.0000000e+000
  6.9152000e+004  6.9983000e+004  3.0000000e+000
  6.9160000e+004  7.1144000e+004  3.0000000e+000
  6.9178000e+004  6.8222000e+004  3.0000000e+000
  6.9184000e+004  6.7445000e+004  3.0000000e+000
  6.9195000e+004  6.9524000e+004  3.0000000e+000
  6.9206000e+004  6.7201000e+004  3.0000000e+000
  6.9217000e+004  6.8915000e+004  3.0000000e+000
  6.9239000e+004  6.7187000e+004  3.0000000e+000
  6.9243000e+004  6.9770000e+004  3.0000000e+000
  6.9245000e+004  7.1758000e+004  3.0000000e+000
  6.9255000e+004  7.1771000e+004  3.0000000e+000
  7.6992000e+004  7.4167000e+004  4.0000000e+000
  7.7041000e+004  7.3476000e+004  4.0000000e+000
  7.7387000e+004  7.6588000e+004  4.0000000e+000
  7.7435000e+004  7.3511000e+004  4.0000000e+000
  7.7554000e+004  7.6298000e+004  4.0000000e+000
  7.7675000e+004  7.3968000e+004  4.0000000e+000
  7.7855000e+004  7.0366000e+004  4.0000000e+000
  7.7970000e+004  7.6684000e+004  4.0000000e+000
  7.7983000e+004  7.2136000e+004  4.0000000e+000
  7.8045000e+004  7.6618000e+004  4.0000000e+000
  7.8090000e+004  7.4512000e+004  4.0000000e+000
  7.8286000e+004  7.4279000e+004  4.0000000e+000
  7.8304000e+004  7.4875000e+004  4.0000000e+000
  7.8334000e+004  7.5439000e+004  4.0000000e+000
  7.8425000e+004  7.5259000e+004  4.0000000e+000
  7.8429000e+004  7.2820000e+004  4.0000000e+000
  7.8445000e+004  7.6155000e+004  4.0000000e+000
  7.8487000e+004  7.6391000e+004  4.0000000e+000
  7.8574000e+004  7.5828000e+004  4.0000000e+000
  7.8632000e+004  7.7184000e+004  4.0000000e+000
  7.8675000e+004  7.6611000e+004  4.0000000e+000
  7.8710000e+004  7.5596000e+004  4.0000000e+000
  7.8717000e+004  7.7728000e+004  4.0000000e+000
  7.8731000e+004  7.5606000e+004  4.0000000e+000
  7.8741000e+004  7.5063000e+004  4.0000000e+000
  7.8803000e+004  7.5233000e+004  4.0000000e+000
  7.8819000e+004  7.3332000e+004  4.0000000e+000
  7.8830000e+004  7.2758000e+004  4.0000000e+000
  7.8833000e+004  7.5155000e+004  4.0000000e+000
  7.8871000e+004  7.4433000e+004  4.0000000e+000
  8.6521000e+004  7.6281000e+004  5.0000000e+000
  8.6915000e+004  7.9095000e+004  5.0000000e+000
  8.6958000e+004  8.0400000e+004  5.0000000e+000
  8.6982000e+004  8.1352000e+004  5.0000000e+000
  8.7487000e+004  7.7191000e+004  5.0000000e+000
  8.7612000e+004  7.9088000e+004  5.0000000e+000
  8.7679000e+004  7.8386000e+004  5.0000000e+000
  8.7753000e+004  7.8276000e+004  5.0000000e+000
  8.7774000e+004  8.2092000e+004  5.0000000e+000
  8.7810000e+004  8.1225000e+004  5.0000000e+000
  8.7822000e+004  7.9224000e+004  5.0000000e+000
  8.7949000e+004  8.2271000e+004  5.0000000e+000
  8.8007000e+004  7.7721000e+004  5.0000000e+000
  8.8033000e+004  8.0089000e+004  5.0000000e+000
  8.8075000e+004  7.7910000e+004  5.0000000e+000
  8.8099000e+004  7.9311000e+004  5.0000000e+000
  8.8155000e+004  8.0508000e+004  5.0000000e+000
  8.8201000e+004  8.0318000e+004  5.0000000e+000
  8.8223000e+004  7.9802000e+004  5.0000000e+000
  8.8244000e+004  8.1060000e+004  5.0000000e+000
  8.8259000e+004  8.0720000e+004  5.0000000e+000
  8.8303000e+004  7.9790000e+004  5.0000000e+000
  8.8314000e+004  7.7652000e+004  5.0000000e+000
  8.8372000e+004  8.1070000e+004  5.0000000e+000
  8.8375000e+004  7.9337000e+004  5.0000000e+000
  8.8387000e+004  7.9580000e+004  5.0000000e+000
  8.8434000e+004  8.0946000e+004  5.0000000e+000
  8.8479000e+004  7.9154000e+004  5.0000000e+000
  8.8483000e+004  8.1837000e+004  5.0000000e+000
  8.8490000e+004  7.9063000e+004  5.0000000e+000
  9.5213000e+004  8.0980000e+004  6.0000000e+000
  9.5594000e+004  8.1890000e+004  6.0000000e+000
  9.5989000e+004  8.3726000e+004  6.0000000e+000
  9.6388000e+004  8.0334000e+004  6.0000000e+000
  9.6405000e+004  8.3748000e+004  6.0000000e+000
  9.6434000e+004  7.8236000e+004  6.0000000e+000
  9.7053000e+004  8.2281000e+004  6.0000000e+000
  9.7061000e+004  8.0905000e+004  6.0000000e+000
  9.7108000e+004  7.9742000e+004  6.0000000e+000
  9.7256000e+004  8.3372000e+004  6.0000000e+000
  9.7299000e+004  7.7867000e+004  6.0000000e+000
  9.7374000e+004  8.0368000e+004  6.0000000e+000
  9.7407000e+004  8.1478000e+004  6.0000000e+000
  9.7490000e+004  8.1380000e+004  6.0000000e+000
  9.7493000e+004  8.3928000e+004  6.0000000e+000
  9.7553000e+004  8.1716000e+004  6.0000000e+000
  9.7614000e+004  7.8329000e+004  6.0000000e+000
  9.7639000e+004  8.4918000e+004  6.0000000e+000
  9.7672000e+004  7.8510000e+004  6.0000000e+000
  9.7675000e+004  8.5732000e+004  6.0000000e+000
  9.7691000e+004  8.1336000e+004  6.0000000e+000
  9.7702000e+004  8.0217000e+004  6.0000000e+000
  9.7729000e+004  8.0806000e+004  6.0000000e+000
  9.7758000e+004  8.1177000e+004  6.0000000e+000
  9.7782000e+004  8.1335000e+004  6.0000000e+000
  9.7799000e+004  8.0313000e+004  6.0000000e+000
  9.7867000e+004  7.8245000e+004  6.0000000e+000
  9.7893000e+004  8.2317000e+004  6.0000000e+000
  9.7944000e+004  8.1788000e+004  6.0000000e+000
  9.7966000e+004  8.0136000e+004  6.0000000e+000
  1.0598400e+005  8.0333000e+004  7.0000000e+000
  1.0658800e+005  8.3610000e+004  7.0000000e+000
  1.0664400e+005  8.1888000e+004  7.0000000e+000
  1.0674300e+005  7.9065000e+004  7.0000000e+000
  1.0676700e+005  7.7629000e+004  7.0000000e+000
  1.0679900e+005  7.9285000e+004  7.0000000e+000
  1.0682400e+005  8.4333000e+004  7.0000000e+000
  1.0692000e+005  8.3452000e+004  7.0000000e+000
  1.0693300e+005  8.1921000e+004  7.0000000e+000
  1.0697100e+005  8.2411000e+004  7.0000000e+000
  1.0705100e+005  8.0137000e+004  7.0000000e+000
  1.0706900e+005  7.8369000e+004  7.0000000e+000
  1.0707800e+005  7.7913000e+004  7.0000000e+000
  1.0708500e+005  8.0736000e+004  7.0000000e+000
  1.0709100e+005  7.8088000e+004  7.0000000e+000
  1.0709200e+005  8.2277000e+004  7.0000000e+000
  1.0715300e+005  8.1785000e+004  7.0000000e+000
  1.0718000e+005  8.1559000e+004  7.0000000e+000
  1.0732100e+005  7.7653000e+004  7.0000000e+000
  1.0735300e+005  8.2364000e+004  7.0000000e+000
  1.0735500e+005  8.1923000e+004  7.0000000e+000
  1.0737000e+005  8.1345000e+004  7.0000000e+000
  1.0738500e+005  8.0720000e+004  7.0000000e+000
  1.0739700e+005  8.0262000e+004  7.0000000e+000
  1.0748200e+005  8.2203000e+004  7.0000000e+000
  1.0753400e+005  7.9245000e+004  7.0000000e+000
  1.0754900e+005  7.8713000e+004  7.0000000e+000
  1.0755500e+005  7.9553000e+004  7.0000000e+000
  1.0757300e+005  7.9926000e+004  7.0000000e+000
  1.0757600e+005  7.9479000e+004  7.0000000e+000
  1.1526900e+005  7.7614000e+004  8.0000000e+000
  1.1537200e+005  7.8740000e+004  8.0000000e+000
  1.1551300e+005  8.1707000e+004  8.0000000e+000
  1.1559800e+005  7.9355000e+004  8.0000000e+000
  1.1582600e+005  7.8918000e+004  8.0000000e+000
  1.1600600e+005  8.0144000e+004  8.0000000e+000
  1.1605200e+005  7.6192000e+004  8.0000000e+000
  1.1608400e+005  8.0741000e+004  8.0000000e+000
  1.1617900e+005  7.5601000e+004  8.0000000e+000
  1.1620700e+005  8.0640000e+004  8.0000000e+000
  1.1622400e+005  8.0316000e+004  8.0000000e+000
  1.1624700e+005  8.0471000e+004  8.0000000e+000
  1.1630400e+005  7.6944000e+004  8.0000000e+000
  1.1632400e+005  7.7806000e+004  8.0000000e+000
  1.1642100e+005  8.0003000e+004  8.0000000e+000
  1.1650100e+005  8.0190000e+004  8.0000000e+000
  1.1651200e+005  7.5266000e+004  8.0000000e+000
  1.1653900e+005  7.7840000e+004  8.0000000e+000
  1.1654900e+005  7.8701000e+004  8.0000000e+000
  1.1660300e+005  7.7468000e+004  8.0000000e+000
  1.1662400e+005  7.7156000e+004  8.0000000e+000
  1.1663400e+005  7.8364000e+004  8.0000000e+000
  1.1669400e+005  8.0950000e+004  8.0000000e+000
  1.1669600e+005  7.6999000e+004  8.0000000e+000
  1.1670300e+005  7.8822000e+004  8.0000000e+000
  1.1677600e+005  7.6040000e+004  8.0000000e+000
  1.1681000e+005  7.7210000e+004  8.0000000e+000
  1.1681900e+005  7.6222000e+004  8.0000000e+000
  1.1685500e+005  7.6627000e+004  8.0000000e+000
  1.1686900e+005  7.6049000e+004  8.0000000e+000
  1.2410700e+005  7.1248000e+004  9.0000000e+000
  1.2497900e+005  7.5092000e+004  9.0000000e+000
  1.2500100e+005  7.2136000e+004  9.0000000e+000
  1.2505800e+005  7.1790000e+004  9.0000000e+000
  1.2528200e+005  7.0874000e+004  9.0000000e+000
  1.2551400e+005  7.2359000e+004  9.0000000e+000
  1.2574800e+005  7.4621000e+004  9.0000000e+000
  1.2584900e+005  7.4404000e+004  9.0000000e+000
  1.2590700e+005  7.2114000e+004  9.0000000e+000
  1.2593500e+005  7.2987000e+004  9.0000000e+000
  1.2601600e+005  7.4159000e+004  9.0000000e+000
  1.2609100e+005  7.3301000e+004  9.0000000e+000
  1.2609700e+005  7.6077000e+004  9.0000000e+000
  1.2610300e+005  7.2402000e+004  9.0000000e+000
  1.2618600e+005  7.2573000e+004  9.0000000e+000
  1.2619100e+005  7.0437000e+004  9.0000000e+000
  1.2621400e+005  7.0613000e+004  9.0000000e+000
  1.2628500e+005  7.0255000e+004  9.0000000e+000
  1.2628500e+005  7.2062000e+004  9.0000000e+000
  1.2629600e+005  7.3185000e+004  9.0000000e+000
  1.2633400e+005  7.3128000e+004  9.0000000e+000
  1.2637200e+005  7.1265000e+004  9.0000000e+000
  1.2637800e+005  7.4205000e+004  9.0000000e+000
  1.2638000e+005  7.2459000e+004  9.0000000e+000
  1.2639600e+005  7.3294000e+004  9.0000000e+000
  1.2642000e+005  7.3209000e+004  9.0000000e+000
  1.2646700e+005  6.9505000e+004  9.0000000e+000
  1.2647900e+005  7.4913000e+004  9.0000000e+000
  1.2648000e+005  7.3221000e+004  9.0000000e+000
  1.2648000e+005  7.3853000e+004  9.0000000e+000
  1.3428000e+005  6.5231000e+004  1.0000000e+001
  1.3437500e+005  7.0932000e+004  1.0000000e+001
  1.3458800e+005  6.4199000e+004  1.0000000e+001
  1.3478100e+005  6.8264000e+004  1.0000000e+001
  1.3503300e+005  6.5913000e+004  1.0000000e+001
  1.3509200e+005  6.4865000e+004  1.0000000e+001
  1.3510800e+005  6.4723000e+004  1.0000000e+001
  1.3511200e+005  6.6403000e+004  1.0000000e+001
  1.3521500e+005  6.5158000e+004  1.0000000e+001
  1.3525500e+005  6.4948000e+004  1.0000000e+001
  1.3526100e+005  6.3442000e+004  1.0000000e+001
  1.3532600e+005  6.8335000e+004  1.0000000e+001
  1.3536300e+005  6.4549000e+004  1.0000000e+001
  1.3537200e+005  6.4706000e+004  1.0000000e+001
  1.3540800e+005  6.7846000e+004  1.0000000e+001
  1.3544400e+005  6.7004000e+004  1.0000000e+001
  1.3546600e+005  6.5458000e+004  1.0000000e+001
  1.3551900e+005  6.8046000e+004  1.0000000e+001
  1.3552200e+005  6.4316000e+004  1.0000000e+001
  1.3558000e+005  6.3875000e+004  1.0000000e+001
  1.3559000e+005  6.7265000e+004  1.0000000e+001
  1.3559700e+005  6.3638000e+004  1.0000000e+001
  1.3565000e+005  6.5268000e+004  1.0000000e+001
  1.3567900e+005  6.4476000e+004  1.0000000e+001
  1.3570100e+005  6.7732000e+004  1.0000000e+001
  1.3573100e+005  6.6315000e+004  1.0000000e+001
  1.3580500e+005  6.7076000e+004  1.0000000e+001
  1.3581400e+005  6.4977000e+004  1.0000000e+001
  1.3583600e+005  6.6380000e+004  1.0000000e+001
  1.3587500e+005  6.4642000e+004  1.0000000e+001
  1.4387300e+005  6.6505000e+004  1.1000000e+001
  1.4396200e+005  6.6571000e+004  1.1000000e+001
  1.4401400e+005  5.8569000e+004  1.1000000e+001
  1.4410800e+005  5.7753000e+004  1.1000000e+001
  1.4426200e+005  6.0309000e+004  1.1000000e+001
  1.4446800e+005  5.6123000e+004  1.1000000e+001
  1.4456000e+005  5.7001000e+004  1.1000000e+001
  1.4457400e+005  5.5923000e+004  1.1000000e+001
  1.4458900e+005  5.9268000e+004  1.1000000e+001
  1.4460200e+005  5.6218000e+004  1.1000000e+001
  1.4465000e+005  5.6889000e+004  1.1000000e+001
  1.4466000e+005  5.7126000e+004  1.1000000e+001
  1.4471300e+005  5.7571000e+004  1.1000000e+001
  1.4485100e+005  5.6810000e+004  1.1000000e+001
  1.4488100e+005  5.9826000e+004  1.1000000e+001
  1.4494600e+005  5.9235000e+004  1.1000000e+001
  1.4499100e+005  5.7092000e+004  1.1000000e+001
  1.4503500e+005  5.7260000e+004  1.1000000e+001
  1.4510100e+005  5.6942000e+004  1.1000000e+001
  1.4510200e+005  5.6504000e+004  1.1000000e+001
  1.4520600e+005  5.5821000e+004  1.1000000e+001
  1.4523000e+005  5.6284000e+004  1.1000000e+001
  1.4530000e+005  5.5929000e+004  1.1000000e+001
  1.4535500e+005  5.6963000e+004  1.1000000e+001
  1.4540400e+005  5.9153000e+004  1.1000000e+001
  1.4541700e+005  5.7323000e+004  1.1000000e+001
  1.4542400e+005  5.6373000e+004  1.1000000e+001
  1.4547900e+005  5.8148000e+004  1.1000000e+001
  1.4549400e+005  5.5661000e+004  1.1000000e+001
  1.4550300e+005  5.6544000e+004  1.1000000e+001
  1.5311300e+005  4.7810000e+004  1.2000000e+001
  1.5323300e+005  4.8337000e+004  1.2000000e+001
  1.5328800e+005  4.8349000e+004  1.2000000e+001
  1.5347200e+005  5.6667000e+004  1.2000000e+001
  1.5381200e+005  4.7908000e+004  1.2000000e+001
  1.5389100e+005  5.8079000e+004  1.2000000e+001
  1.5389400e+005  5.0088000e+004  1.2000000e+001
  1.5419000e+005  4.8301000e+004  1.2000000e+001
  1.5436600e+005  4.6995000e+004  1.2000000e+001
  1.5441500e+005  4.8847000e+004  1.2000000e+001
  1.5444600e+005  4.9168000e+004  1.2000000e+001
  1.5445200e+005  4.9809000e+004  1.2000000e+001
  1.5446800e+005  4.7452000e+004  1.2000000e+001
  1.5448300e+005  4.8521000e+004  1.2000000e+001
  1.5451400e+005  5.0765000e+004  1.2000000e+001
  1.5455200e+005  4.7171000e+004  1.2000000e+001
  1.5457200e+005  4.7336000e+004  1.2000000e+001
  1.5457200e+005  4.7975000e+004  1.2000000e+001
  1.5468600e+005  4.8874000e+004  1.2000000e+001
  1.5469800e+005  4.7934000e+004  1.2000000e+001
  1.5475900e+005  4.9405000e+004  1.2000000e+001
  1.5483100e+005  4.9183000e+004  1.2000000e+001
  1.5483800e+005  4.9457000e+004  1.2000000e+001
  1.5484900e+005  4.6502000e+004  1.2000000e+001
  1.5489500e+005  4.7956000e+004  1.2000000e+001
  1.5492600e+005  4.8101000e+004  1.2000000e+001
  1.5493500e+005  4.9965000e+004  1.2000000e+001
  1.5496100e+005  4.7053000e+004  1.2000000e+001
  1.5500500e+005  4.8607000e+004  1.2000000e+001
  1.5512100e+005  4.7219000e+004  1.2000000e+001
  1.6232100e+005  3.7603000e+004  1.3000000e+001
  1.6277800e+005  3.6508000e+004  1.3000000e+001
  1.6366500e+005  3.9511000e+004  1.3000000e+001
  1.6369500e+005  3.9951000e+004  1.3000000e+001
  1.6383400e+005  3.8966000e+004  1.3000000e+001
  1.6391100e+005  3.7983000e+004  1.3000000e+001
  1.6393100e+005  3.9907000e+004  1.3000000e+001
  1.6396500e+005  3.8582000e+004  1.3000000e+001
  1.6400000e+005  3.9290000e+004  1.3000000e+001
  1.6405900e+005  3.9643000e+004  1.3000000e+001
  1.6406700e+005  3.6812000e+004  1.3000000e+001
  1.6408200e+005  4.0274000e+004  1.3000000e+001
  1.6408300e+005  3.9077000e+004  1.3000000e+001
  1.6414900e+005  3.9054000e+004  1.3000000e+001
  1.6418100e+005  3.7985000e+004  1.3000000e+001
  1.6427300e+005  4.0735000e+004  1.3000000e+001
  1.6431000e+005  4.0877000e+004  1.3000000e+001
  1.6434900e+005  4.1602000e+004  1.3000000e+001
  1.6437200e+005  3.7681000e+004  1.3000000e+001
  1.6438600e+005  4.0277000e+004  1.3000000e+001
  1.6446500e+005  3.8394000e+004  1.3000000e+001
  1.6452000e+005  4.0240000e+004  1.3000000e+001
  1.6452500e+005  4.1255000e+004  1.3000000e+001
  1.6458200e+005  3.9690000e+004  1.3000000e+001
  1.6458800e+005  3.6533000e+004  1.3000000e+001
  1.6459100e+005  3.9010000e+004  1.3000000e+001
  1.6462800e+005  3.6273000e+004  1.3000000e+001
  1.6465200e+005  3.9150000e+004  1.3000000e+001
  1.6465600e+005  3.6388000e+004  1.3000000e+001
  1.6472100e+005  4.0646000e+004  1.3000000e+001
  1.7191700e+005  3.0192000e+004  1.4000000e+001
  1.7197800e+005  2.7054000e+004  1.4000000e+001
  1.7202000e+005  3.0618000e+004  1.4000000e+001
  1.7226200e+005  3.0585000e+004  1.4000000e+001
  1.7226900e+005  3.0675000e+004  1.4000000e+001
  1.7245200e+005  2.9883000e+004  1.4000000e+001
  1.7258900e+005  2.9877000e+004  1.4000000e+001
  1.7259900e+005  2.9999000e+004  1.4000000e+001
  1.7260100e+005  3.0467000e+004  1.4000000e+001
  1.7312000e+005  2.9481000e+004  1.4000000e+001
  1.7321100e+005  2.9193000e+004  1.4000000e+001
  1.7327500e+005  2.9101000e+004  1.4000000e+001
  1.7342500e+005  2.8988000e+004  1.4000000e+001
  1.7343400e+005  2.7607000e+004  1.4000000e+001
  1.7343600e+005  2.9976000e+004  1.4000000e+001
  1.7344600e+005  2.9704000e+004  1.4000000e+001
  1.7344600e+005  3.1257000e+004  1.4000000e+001
  1.7361300e+005  2.8857000e+004  1.4000000e+001
  1.7367100e+005  3.1853000e+004  1.4000000e+001
  1.7372300e+005  2.6858000e+004  1.4000000e+001
  1.7373300e+005  3.0754000e+004  1.4000000e+001
  1.7373400e+005  3.0368000e+004  1.4000000e+001
  1.7373500e+005  2.8310000e+004  1.4000000e+001
  1.7380400e+005  3.0739000e+004  1.4000000e+001
  1.7383600e+005  3.1476000e+004  1.4000000e+001
  1.7385200e+005  2.8419000e+004  1.4000000e+001
  1.7387400e+005  2.9836000e+004  1.4000000e+001
  1.7391900e+005  2.7605000e+004  1.4000000e+001
  1.7392900e+005  3.0999000e+004  1.4000000e+001
  1.7393000e+005  2.8554000e+004  1.4000000e+001
  1.8171300e+005  2.8370000e+004  1.5000000e+001
  1.8201500e+005  1.9512000e+004  1.5000000e+001
  1.8214800e+005  1.9709000e+004  1.5000000e+001
  1.8221200e+005  1.9005000e+004  1.5000000e+001
  1.8229300e+005  2.1166000e+004  1.5000000e+001
  1.8229900e+005  2.0142000e+004  1.5000000e+001
  1.8235500e+005  2.2193000e+004  1.5000000e+001
  1.8271300e+005  2.1717000e+004  1.5000000e+001
  1.8277100e+005  2.1487000e+004  1.5000000e+001
  1.8277400e+005  2.0839000e+004  1.5000000e+001
  1.8279400e+005  2.2940000e+004  1.5000000e+001
  1.8292200e+005  2.2906000e+004  1.5000000e+001
  1.8298300e+005  2.1924000e+004  1.5000000e+001
  1.8299300e+005  2.1616000e+004  1.5000000e+001
  1.8300200e+005  2.1886000e+004  1.5000000e+001
  1.8305300e+005  1.9955000e+004  1.5000000e+001
  1.8306400e+005  2.0073000e+004  1.5000000e+001
  1.8315700e+005  2.2757000e+004  1.5000000e+001
  1.8316200e+005  2.2261000e+004  1.5000000e+001
  1.8323000e+005  2.1872000e+004  1.5000000e+001
  1.8324200e+005  2.1608000e+004  1.5000000e+001
  1.8325000e+005  2.3309000e+004  1.5000000e+001
  1.8325400e+005  1.8104000e+004  1.5000000e+001
  1.8327400e+005  2.3799000e+004  1.5000000e+001
  1.8327800e+005  2.2558000e+004  1.5000000e+001
  1.8329100e+005  1.9135000e+004  1.5000000e+001
  1.8332400e+005  2.2055000e+004  1.5000000e+001
  1.8334900e+005  1.9901000e+004  1.5000000e+001
  1.8336700e+005  1.9565000e+004  1.5000000e+001
  1.8336800e+005  1.9702000e+004  1.5000000e+001
  1.9146100e+005  2.1915000e+004  1.6000000e+001
  1.9182300e+005  1.1473000e+004  1.6000000e+001
  1.9191600e+005  1.2555000e+004  1.6000000e+001
  1.9192600e+005  2.0821000e+004  1.6000000e+001
  1.9211700e+005  1.7146000e+004  1.6000000e+001
  1.9212900e+005  1.5013000e+004  1.6000000e+001
  1.9219000e+005  1.4228000e+004  1.6000000e+001
  1.9228600e+005  1.3669000e+004  1.6000000e+001
  1.9234200e+005  1.5542000e+004  1.6000000e+001
  1.9236300e+005  1.2655000e+004  1.6000000e+001
  1.9236500e+005  1.5292000e+004  1.6000000e+001
  1.9240100e+005  1.5804000e+004  1.6000000e+001
  1.9242300e+005  1.6375000e+004  1.6000000e+001
  1.9244500e+005  1.1061000e+004  1.6000000e+001
  1.9247200e+005  1.4882000e+004  1.6000000e+001
  1.9251300e+005  1.5513000e+004  1.6000000e+001
  1.9252200e+005  1.5766000e+004  1.6000000e+001
  1.9253300e+005  1.4026000e+004  1.6000000e+001
  1.9257800e+005  1.2982000e+004  1.6000000e+001
  1.9265300e+005  1.7489000e+004  1.6000000e+001
  1.9265500e+005  1.4306000e+004  1.6000000e+001
  1.9269300e+005  1.5396000e+004  1.6000000e+001
  1.9271600e+005  1.5659000e+004  1.6000000e+001
  1.9279200e+005  8.6870000e+003  1.6000000e+001
  1.9281800e+005  1.5795000e+004  1.6000000e+001
  1.9281900e+005  1.2437000e+004  1.6000000e+001
  1.9282900e+005  1.5874000e+004  1.6000000e+001
  1.9286700e+005  1.2978000e+004  1.6000000e+001
  1.9291000e+005  1.3493000e+004  1.6000000e+001
  1.9292800e+005  1.3719000e+004  1.6000000e+001
  2.0097100e+005  9.1780000e+003  1.7000000e+001
  2.0098900e+005  1.4190000e+004  1.7000000e+001
  2.0099300e+005  1.2367000e+004  1.7000000e+001
  2.0102200e+005  1.2397000e+004  1.7000000e+001
  2.0119700e+005  8.6840000e+003  1.7000000e+001
  2.0131700e+005  7.6700000e+003  1.7000000e+001
  2.0136000e+005  1.1759000e+004  1.7000000e+001
  2.0138300e+005  9.8180000e+003  1.7000000e+001
  2.0143300e+005  9.7730000e+003  1.7000000e+001
  2.0164000e+005  8.3450000e+003  1.7000000e+001
  2.0165300e+005  1.2484000e+004  1.7000000e+001
  2.0171100e+005  1.1168000e+004  1.7000000e+001
  2.0174400e+005  9.4260000e+003  1.7000000e+001
  2.0178800e+005  8.7820000e+003  1.7000000e+001
  2.0188000e+005  1.0299000e+004  1.7000000e+001
  2.0200200e+005  1.2225000e+004  1.7000000e+001
  2.0200800e+005  1.0464000e+004  1.7000000e+001
  2.0202900e+005  9.3790000e+003  1.7000000e+001
  2.0203900e+005  7.2910000e+003  1.7000000e+001
  2.0212100e+005  9.1950000e+003  1.7000000e+001
  2.0213000e+005  9.3350000e+003  1.7000000e+001
  2.0222100e+005  7.7900000e+003  1.7000000e+001
  2.0222600e+005  1.1505000e+004  1.7000000e+001
  2.0230200e+005  9.3510000e+003  1.7000000e+001
  2.0231600e+005  9.7950000e+003  1.7000000e+001
  2.0233100e+005  1.1514000e+004  1.7000000e+001
  2.0236700e+005  1.0313000e+004  1.7000000e+001
  2.0238100e+005  1.0096000e+004  1.7000000e+001
  2.0240100e+005  1.1561000e+004  1.7000000e+001
  2.0247200e+005  9.3980000e+003  1.7000000e+001
  2.1064500e+005  5.0420000e+003  1.8000000e+001
  2.1078100e+005  4.8710000e+003  1.8000000e+001
  2.1082300e+005  8.5190000e+003  1.8000000e+001
  2.1088000e+005  5.9250000e+003  1.8000000e+001
  2.1101400e+005  6.1790000e+003  1.8000000e+001
  2.1125800e+005  7.2180000e+003  1.8000000e+001
  2.1135300e+005  7.4950000e+003  1.8000000e+001
  2.1139900e+005  6.4300000e+003  1.8000000e+001
  2.1140800e+005  4.4970000e+003  1.8000000e+001
  2.1143900e+005  6.3880000e+003  1.8000000e+001
  2.1146000e+005  6.0620000e+003  1.8000000e+001
  2.1146200e+005  9.2740000e+003  1.8000000e+001
  2.1149400e+005  4.4530000e+003  1.8000000e+001
  2.1152900e+005  6.6890000e+003  1.8000000e+001
  2.1156500e+005  7.1710000e+003  1.8000000e+001
  2.1158000e+005  7.0670000e+003  1.8000000e+001
  2.1161300e+005  6.3960000e+003  1.8000000e+001
  2.1162200e+005  7.9510000e+003  1.8000000e+001
  2.1162400e+005  6.9470000e+003  1.8000000e+001
  2.1163700e+005  9.3250000e+003  1.8000000e+001
  2.1166000e+005  4.4940000e+003  1.8000000e+001
  2.1171500e+005  6.0360000e+003  1.8000000e+001
  2.1176600e+005  5.2450000e+003  1.8000000e+001
  2.1186400e+005  5.7540000e+003  1.8000000e+001
  2.1187200e+005  7.1240000e+003  1.8000000e+001
  2.1188400e+005  7.4030000e+003  1.8000000e+001
  2.1188600e+005  6.8090000e+003  1.8000000e+001
  2.1191400e+005  7.1810000e+003  1.8000000e+001
  2.1194000e+005  6.0820000e+003  1.8000000e+001
  2.1196600e+005  6.7970000e+003  1.8000000e+001
  2.2029800e+005  6.2260000e+003  1.9000000e+001
  2.2070700e+005  6.5850000e+003  1.9000000e+001
  2.2080500e+005  5.9970000e+003  1.9000000e+001
  2.2089000e+005  5.6460000e+003  1.9000000e+001
  2.2090400e+005  4.5510000e+003  1.9000000e+001
  2.2093000e+005  4.8270000e+003  1.9000000e+001
  2.2093100e+005  4.7810000e+003  1.9000000e+001
  2.2093200e+005  4.7130000e+003  1.9000000e+001
  2.2094800e+005  4.6820000e+003  1.9000000e+001
  2.2095000e+005  3.5810000e+003  1.9000000e+001
  2.2102400e+005  8.2880000e+003  1.9000000e+001
  2.2105700e+005  6.7060000e+003  1.9000000e+001
  2.2108900e+005  5.4320000e+003  1.9000000e+001
  2.2114600e+005  6.5360000e+003  1.9000000e+001
  2.2116300e+005  2.7340000e+003  1.9000000e+001
  2.2118500e+005  6.3800000e+003  1.9000000e+001
  2.2119200e+005  7.6730000e+003  1.9000000e+001
  2.2121600e+005  5.4480000e+003  1.9000000e+001
  2.2124100e+005  6.9650000e+003  1.9000000e+001
  2.2126700e+005  5.1940000e+003  1.9000000e+001
  2.2127800e+005  6.3520000e+003  1.9000000e+001
  2.2129300e+005  8.4960000e+003  1.9000000e+001
  2.2132100e+005  8.0100000e+003  1.9000000e+001
  2.2132300e+005  5.5940000e+003  1.9000000e+001
  2.2134100e+005  6.4010000e+003  1.9000000e+001
  2.2135600e+005  5.8970000e+003  1.9000000e+001
  2.2139900e+005  4.4760000e+003  1.9000000e+001
  2.2150100e+005  5.0250000e+003  1.9000000e+001
  2.2154300e+005  4.8180000e+003  1.9000000e+001
  2.2155400e+005  4.3410000e+003  1.9000000e+001
  2.2904200e+005  6.6620000e+003  2.0000000e+001
  2.2934200e+005  5.7870000e+003  2.0000000e+001
  2.2987200e+005  6.6240000e+003  2.0000000e+001
  2.2991900e+005  7.3170000e+003  2.0000000e+001
  2.2994900e+005  6.5810000e+003  2.0000000e+001
  2.3018500e+005  7.5130000e+003  2.0000000e+001
  2.3020700e+005  7.2140000e+003  2.0000000e+001
  2.3029600e+005  8.4320000e+003  2.0000000e+001
  2.3044000e+005  8.6940000e+003  2.0000000e+001
  2.3048900e+005  6.6770000e+003  2.0000000e+001
  2.3053700e+005  7.5970000e+003  2.0000000e+001
  2.3056200e+005  7.0740000e+003  2.0000000e+001
  2.3063400e+005  8.1700000e+003  2.0000000e+001
  2.3064100e+005  8.3590000e+003  2.0000000e+001
  2.3066700e+005  1.1521000e+004  2.0000000e+001
  2.3071200e+005  9.1620000e+003  2.0000000e+001
  2.3073800e+005  6.2910000e+003  2.0000000e+001
  2.3077700e+005  5.7790000e+003  2.0000000e+001
  2.3080300e+005  8.4860000e+003  2.0000000e+001
  2.3082100e+005  8.6500000e+003  2.0000000e+001
  2.3084200e+005  4.8040000e+003  2.0000000e+001
  2.3085200e+005  6.5030000e+003  2.0000000e+001
  2.3088300e+005  9.1180000e+003  2.0000000e+001
  2.3093600e+005  6.8450000e+003  2.0000000e+001
  2.3095800e+005  1.1551000e+004  2.0000000e+001
  2.3097300e+005  7.6660000e+003  2.0000000e+001
  2.3098300e+005  7.7600000e+003  2.0000000e+001
  2.3098400e+005  8.6980000e+003  2.0000000e+001
  2.3101100e+005  7.2940000e+003  2.0000000e+001
  2.3102400e+005  5.6410000e+003  2.0000000e+001
  2.3918200e+005  1.1021000e+004  2.1000000e+001
  2.3927100e+005  1.2047000e+004  2.1000000e+001
  2.3944100e+005  1.2341000e+004  2.1000000e+001
  2.3973700e+005  1.1860000e+004  2.1000000e+001
  2.3977700e+005  1.0433000e+004  2.1000000e+001
  2.3978600e+005  1.1866000e+004  2.1000000e+001
  2.3988800e+005  9.7610000e+003  2.1000000e+001
  2.3997700e+005  1.1769000e+004  2.1000000e+001
  2.4002500e+005  1.1081000e+004  2.1000000e+001
  2.4008800e+005  1.4521000e+004  2.1000000e+001
  2.4009700e+005  1.3149000e+004  2.1000000e+001
  2.4011900e+005  1.5082000e+004  2.1000000e+001
  2.4017500e+005  9.7150000e+003  2.1000000e+001
  2.4017500e+005  1.1698000e+004  2.1000000e+001
  2.4020000e+005  7.8200000e+003  2.1000000e+001
  2.4024000e+005  1.2985000e+004  2.1000000e+001
  2.4024900e+005  1.1902000e+004  2.1000000e+001
  2.4028200e+005  1.0287000e+004  2.1000000e+001
  2.4028700e+005  1.2742000e+004  2.1000000e+001
  2.4029000e+005  1.0955000e+004  2.1000000e+001
  2.4035200e+005  1.3684000e+004  2.1000000e+001
  2.4039900e+005  1.1259000e+004  2.1000000e+001
  2.4040900e+005  8.0850000e+003  2.1000000e+001
  2.4042700e+005  1.1500000e+004  2.1000000e+001
  2.4042900e+005  9.6150000e+003  2.1000000e+001
  2.4047700e+005  9.1650000e+003  2.1000000e+001
  2.4049900e+005  9.0990000e+003  2.1000000e+001
  2.4051700e+005  1.4528000e+004  2.1000000e+001
  2.4054100e+005  9.6790000e+003  2.1000000e+001
  2.4054800e+005  1.3022000e+004  2.1000000e+001
  2.4776800e+005  1.0628000e+004  2.2000000e+001
  2.4844200e+005  1.2698000e+004  2.2000000e+001
  2.4852200e+005  1.6069000e+004  2.2000000e+001
  2.4854400e+005  1.7588000e+004  2.2000000e+001
  2.4911000e+005  1.7274000e+004  2.2000000e+001
  2.4921700e+005  1.8209000e+004  2.2000000e+001
  2.4923000e+005  1.6748000e+004  2.2000000e+001
  2.4924500e+005  1.6693000e+004  2.2000000e+001
  2.4930200e+005  1.7875000e+004  2.2000000e+001
  2.4936000e+005  1.7967000e+004  2.2000000e+001
  2.4939300e+005  1.4976000e+004  2.2000000e+001
  2.4942100e+005  1.8477000e+004  2.2000000e+001
  2.4944000e+005  1.8972000e+004  2.2000000e+001
  2.4949300e+005  1.8087000e+004  2.2000000e+001
  2.4954900e+005  1.8916000e+004  2.2000000e+001
  2.4958900e+005  1.7652000e+004  2.2000000e+001
  2.4960800e+005  1.8419000e+004  2.2000000e+001
  2.4961200e+005  1.8927000e+004  2.2000000e+001
  2.4964700e+005  1.8277000e+004  2.2000000e+001
  2.4964800e+005  1.8271000e+004  2.2000000e+001
  2.4972300e+005  1.8900000e+004  2.2000000e+001
  2.4982100e+005  1.7803000e+004  2.2000000e+001
  2.4992100e+005  1.7490000e+004  2.2000000e+001
  2.4993300e+005  1.7682000e+004  2.2000000e+001
  2.4993600e+005  1.8097000e+004  2.2000000e+001
  2.4999400e+005  2.0312000e+004  2.2000000e+001
  2.5001500e+005  1.6585000e+004  2.2000000e+001
  2.5001800e+005  1.4725000e+004  2.2000000e+001
  2.5001900e+005  1.5424000e+004  2.2000000e+001
  2.5002800e+005  1.7257000e+004  2.2000000e+001
  2.5750200e+005  2.8015000e+004  2.3000000e+001
  2.5784200e+005  2.6304000e+004  2.3000000e+001
  2.5797000e+005  2.4939000e+004  2.3000000e+001
  2.5845800e+005  2.6556000e+004  2.3000000e+001
  2.5858600e+005  2.6857000e+004  2.3000000e+001
  2.5859000e+005  2.3504000e+004  2.3000000e+001
  2.5859800e+005  2.7839000e+004  2.3000000e+001
  2.5873400e+005  2.4126000e+004  2.3000000e+001
  2.5890300e+005  2.5886000e+004  2.3000000e+001
  2.5894300e+005  2.7684000e+004  2.3000000e+001
  2.5907700e+005  2.4661000e+004  2.3000000e+001
  2.5914800e+005  2.4985000e+004  2.3000000e+001
  2.5915200e+005  2.6080000e+004  2.3000000e+001
  2.5915300e+005  2.6358000e+004  2.3000000e+001
  2.5920200e+005  2.5622000e+004  2.3000000e+001
  2.5922400e+005  2.4961000e+004  2.3000000e+001
  2.5922600e+005  2.3995000e+004  2.3000000e+001
  2.5924300e+005  2.5351000e+004  2.3000000e+001
  2.5924400e+005  2.0979000e+004  2.3000000e+001
  2.5925100e+005  2.8104000e+004  2.3000000e+001
  2.5925800e+005  2.5173000e+004  2.3000000e+001
  2.5933800e+005  2.7412000e+004  2.3000000e+001
  2.5945900e+005  2.4697000e+004  2.3000000e+001
  2.5949100e+005  2.7990000e+004  2.3000000e+001
  2.5950900e+005  2.3559000e+004  2.3000000e+001
  2.5956400e+005  2.6128000e+004  2.3000000e+001
  2.5964700e+005  2.5724000e+004  2.3000000e+001
  2.5971300e+005  2.6790000e+004  2.3000000e+001
  2.5975000e+005  2.3328000e+004  2.3000000e+001
  2.5976500e+005  2.9015000e+004  2.3000000e+001
  2.6745000e+005  3.3442000e+004  2.4000000e+001
  2.6753400e+005  3.3079000e+004  2.4000000e+001
  2.6794300e+005  3.3770000e+004  2.4000000e+001
  2.6798100e+005  3.4201000e+004  2.4000000e+001
  2.6805300e+005  3.4450000e+004  2.4000000e+001
  2.6817000e+005  3.3948000e+004  2.4000000e+001
  2.6820600e+005  3.4559000e+004  2.4000000e+001
  2.6834600e+005  3.6750000e+004  2.4000000e+001
  2.6854200e+005  3.2248000e+004  2.4000000e+001
  2.6854600e+005  3.4344000e+004  2.4000000e+001
  2.6855600e+005  3.3316000e+004  2.4000000e+001
  2.6857600e+005  3.4249000e+004  2.4000000e+001
  2.6859100e+005  3.7989000e+004  2.4000000e+001
  2.6864300e+005  2.5024000e+004  2.4000000e+001
  2.6869400e+005  3.3082000e+004  2.4000000e+001
  2.6870100e+005  3.2770000e+004  2.4000000e+001
  2.6871400e+005  3.3140000e+004  2.4000000e+001
  2.6874500e+005  3.6073000e+004  2.4000000e+001
  2.6875300e+005  3.6058000e+004  2.4000000e+001
  2.6876600e+005  3.4978000e+004  2.4000000e+001
  2.6882600e+005  3.3987000e+004  2.4000000e+001
  2.6882700e+005  3.6317000e+004  2.4000000e+001
  2.6888100e+005  3.6848000e+004  2.4000000e+001
  2.6890800e+005  3.4943000e+004  2.4000000e+001
  2.6894800e+005  3.2880000e+004  2.4000000e+001
  2.6898400e+005  3.1354000e+004  2.4000000e+001
  2.6903700e+005  3.3366000e+004  2.4000000e+001
  2.6906200e+005  3.4690000e+004  2.4000000e+001
  2.6911400e+005  3.0455000e+004  2.4000000e+001
  2.6912200e+005  3.4298000e+004  2.4000000e+001
  2.7658500e+005  3.5618000e+004  2.5000000e+001
  2.7680900e+005  4.3143000e+004  2.5000000e+001
  2.7722900e+005  4.5200000e+004  2.5000000e+001
  2.7736900e+005  4.0515000e+004  2.5000000e+001
  2.7754300e+005  4.3986000e+004  2.5000000e+001
  2.7757500e+005  3.3909000e+004  2.5000000e+001
  2.7764100e+005  4.5187000e+004  2.5000000e+001
  2.7765700e+005  4.6424000e+004  2.5000000e+001
  2.7768700e+005  4.5126000e+004  2.5000000e+001
  2.7770000e+005  4.4171000e+004  2.5000000e+001
  2.7770100e+005  4.2411000e+004  2.5000000e+001
  2.7795500e+005  4.4537000e+004  2.5000000e+001
  2.7799300e+005  4.4847000e+004  2.5000000e+001
  2.7813500e+005  4.5932000e+004  2.5000000e+001
  2.7822200e+005  4.5555000e+004  2.5000000e+001
  2.7824100e+005  4.1406000e+004  2.5000000e+001
  2.7826000e+005  4.6865000e+004  2.5000000e+001
  2.7829800e+005  4.3218000e+004  2.5000000e+001
  2.7836000e+005  4.0528000e+004  2.5000000e+001
  2.7837900e+005  4.3857000e+004  2.5000000e+001
  2.7838900e+005  4.0538000e+004  2.5000000e+001
  2.7840700e+005  4.3312000e+004  2.5000000e+001
  2.7843000e+005  4.3900000e+004  2.5000000e+001
  2.7843600e+005  4.6274000e+004  2.5000000e+001
  2.7848800e+005  4.3915000e+004  2.5000000e+001
  2.7850900e+005  4.3382000e+004  2.5000000e+001
  2.7854600e+005  4.3392000e+004  2.5000000e+001
  2.7854700e+005  4.3843000e+004  2.5000000e+001
  2.7856500e+005  4.4074000e+004  2.5000000e+001
  2.7861200e+005  4.1261000e+004  2.5000000e+001
  2.8629900e+005  5.4092000e+004  2.6000000e+001
  2.8639900e+005  4.6443000e+004  2.6000000e+001
  2.8697700e+005  5.2058000e+004  2.6000000e+001
  2.8710700e+005  5.0727000e+004  2.6000000e+001
  2.8722200e+005  4.9945000e+004  2.6000000e+001
  2.8725000e+005  5.5443000e+004  2.6000000e+001
  2.8728800e+005  5.4693000e+004  2.6000000e+001
  2.8732700e+005  5.3104000e+004  2.6000000e+001
  2.8733700e+005  5.3098000e+004  2.6000000e+001
  2.8739100e+005  5.2311000e+004  2.6000000e+001
  2.8745000e+005  5.0493000e+004  2.6000000e+001
  2.8751800e+005  5.0552000e+004  2.6000000e+001
  2.8752700e+005  5.2786000e+004  2.6000000e+001
  2.8759400e+005  5.2838000e+004  2.6000000e+001
  2.8761800e+005  5.1395000e+004  2.6000000e+001
  2.8764000e+005  5.7058000e+004  2.6000000e+001
  2.8768600e+005  5.2134000e+004  2.6000000e+001
  2.8770400e+005  5.4978000e+004  2.6000000e+001
  2.8770900e+005  5.4010000e+004  2.6000000e+001
  2.8773100e+005  5.5808000e+004  2.6000000e+001
  2.8773900e+005  5.2268000e+004  2.6000000e+001
  2.8777800e+005  5.2282000e+004  2.6000000e+001
  2.8780000e+005  5.4863000e+004  2.6000000e+001
  2.8781900e+005  5.2893000e+004  2.6000000e+001
  2.8784000e+005  5.4706000e+004  2.6000000e+001
  2.8785400e+005  5.3548000e+004  2.6000000e+001
  2.8786500e+005  5.4902000e+004  2.6000000e+001
  2.8790000e+005  5.1411000e+004  2.6000000e+001
  2.8791200e+005  5.4628000e+004  2.6000000e+001
  2.8795000e+005  5.2038000e+004  2.6000000e+001
  2.9563800e+005  5.2691000e+004  2.7000000e+001
  2.9608600e+005  6.2180000e+004  2.7000000e+001
  2.9610400e+005  6.1190000e+004  2.7000000e+001
  2.9677900e+005  6.1944000e+004  2.7000000e+001
  2.9692600e+005  6.5577000e+004  2.7000000e+001
  2.9693100e+005  5.9632000e+004  2.7000000e+001
  2.9694700e+005  6.2263000e+004  2.7000000e+001
  2.9698100e+005  6.2684000e+004  2.7000000e+001
  2.9702000e+005  6.1709000e+004  2.7000000e+001
  2.9716800e+005  6.2679000e+004  2.7000000e+001
  2.9721300e+005  5.8728000e+004  2.7000000e+001
  2.9722400e+005  6.0745000e+004  2.7000000e+001
  2.9723800e+005  6.2074000e+004  2.7000000e+001
  2.9731000e+005  6.2964000e+004  2.7000000e+001
  2.9732800e+005  6.2160000e+004  2.7000000e+001
  2.9733500e+005  6.1180000e+004  2.7000000e+001
  2.9737500e+005  6.0150000e+004  2.7000000e+001
  2.9738100e+005  6.0574000e+004  2.7000000e+001
  2.9742400e+005  6.2033000e+004  2.7000000e+001
  2.9744800e+005  6.3471000e+004  2.7000000e+001
  2.9745400e+005  5.8467000e+004  2.7000000e+001
  2.9746900e+005  6.2621000e+004  2.7000000e+001
  2.9748700e+005  6.0935000e+004  2.7000000e+001
  2.9755500e+005  6.3833000e+004  2.7000000e+001
  2.9756700e+005  6.1251000e+004  2.7000000e+001
  2.9758100e+005  6.2680000e+004  2.7000000e+001
  2.9762600e+005  6.0041000e+004  2.7000000e+001
  2.9763700e+005  6.0614000e+004  2.7000000e+001
  2.9776700e+005  6.1951000e+004  2.7000000e+001
  2.9782400e+005  6.0207000e+004  2.7000000e+001
  3.0506000e+005  6.2287000e+004  2.8000000e+001
  3.0523600e+005  7.2277000e+004  2.8000000e+001
  3.0579800e+005  6.8774000e+004  2.8000000e+001
  3.0582800e+005  6.9227000e+004  2.8000000e+001
  3.0616800e+005  7.1456000e+004  2.8000000e+001
  3.0621000e+005  7.2477000e+004  2.8000000e+001
  3.0637100e+005  7.1188000e+004  2.8000000e+001
  3.0637300e+005  6.7814000e+004  2.8000000e+001
  3.0637300e+005  7.0044000e+004  2.8000000e+001
  3.0650200e+005  7.0195000e+004  2.8000000e+001
  3.0652600e+005  6.7086000e+004  2.8000000e+001
  3.0668600e+005  6.7811000e+004  2.8000000e+001
  3.0668600e+005  7.0062000e+004  2.8000000e+001
  3.0669100e+005  7.0726000e+004  2.8000000e+001
  3.0674000e+005  7.2179000e+004  2.8000000e+001
  3.0678700e+005  7.0178000e+004  2.8000000e+001
  3.0678800e+005  6.8250000e+004  2.8000000e+001
  3.0679800e+005  6.8663000e+004  2.8000000e+001
  3.0682500e+005  7.1943000e+004  2.8000000e+001
  3.0688300e+005  6.7696000e+004  2.8000000e+001
  3.0690200e+005  7.2380000e+004  2.8000000e+001
  3.0692800e+005  6.8437000e+004  2.8000000e+001
  3.0694900e+005  7.0148000e+004  2.8000000e+001
  3.0697700e+005  7.0075000e+004  2.8000000e+001
  3.0698600e+005  6.8545000e+004  2.8000000e+001
  3.0707100e+005  7.1073000e+004  2.8000000e+001
  3.0711300e+005  6.7745000e+004  2.8000000e+001
  3.0712100e+005  6.9475000e+004  2.8000000e+001
  3.0715900e+005  7.0467000e+004  2.8000000e+001
  3.0716600e+005  7.0401000e+004  2.8000000e+001
  3.1425400e+005  7.1467000e+004  2.9000000e+001
  3.1510500e+005  7.6146000e+004  2.9000000e+001
  3.1527500e+005  7.6772000e+004  2.9000000e+001
  3.1531900e+005  7.5241000e+004  2.9000000e+001
  3.1541100e+005  7.7880000e+004  2.9000000e+001
  3.1553200e+005  7.5977000e+004  2.9000000e+001
  3.1555100e+005  7.5191000e+004  2.9000000e+001
  3.1558000e+005  7.0793000e+004  2.9000000e+001
  3.1570900e+005  7.4362000e+004  2.9000000e+001
  3.1578900e+005  7.2645000e+004  2.9000000e+001
  3.1583000e+005  7.5175000e+004  2.9000000e+001
  3.1584500e+005  7.4376000e+004  2.9000000e+001
  3.1595600e+005  7.5188000e+004  2.9000000e+001
  3.1596500e+005  7.9321000e+004  2.9000000e+001
  3.1600000e+005  7.3893000e+004  2.9000000e+001
  3.1603300e+005  7.6044000e+004  2.9000000e+001
  3.1603900e+005  7.5181000e+004  2.9000000e+001
  3.1604700e+005  7.3400000e+004  2.9000000e+001
  3.1604700e+005  7.8450000e+004  2.9000000e+001
  3.1614600e+005  7.5139000e+004  2.9000000e+001
  3.1615100e+005  7.6845000e+004  2.9000000e+001
  3.1623900e+005  7.5336000e+004  2.9000000e+001
  3.1625300e+005  7.7116000e+004  2.9000000e+001
  3.1629500e+005  7.3022000e+004  2.9000000e+001
  3.1637700e+005  7.2376000e+004  2.9000000e+001
  3.1639300e+005  7.5424000e+004  2.9000000e+001
  3.1646400e+005  7.5611000e+004  2.9000000e+001
  3.1647100e+005  7.4996000e+004  2.9000000e+001
  3.1647400e+005  7.3985000e+004  2.9000000e+001
  3.1650400e+005  7.6718000e+004  2.9000000e+001
  3.2442100e+005  7.9375000e+004  3.0000000e+001
  3.2469700e+005  8.2990000e+004  3.0000000e+001
  3.2477700e+005  8.0102000e+004  3.0000000e+001
  3.2504200e+005  7.9090000e+004  3.0000000e+001
  3.2507000e+005  7.9298000e+004  3.0000000e+001
  3.2513800e+005  8.0153000e+004  3.0000000e+001
  3.2514200e+005  8.1620000e+004  3.0000000e+001
  3.2517700e+005  7.9711000e+004  3.0000000e+001
  3.2520000e+005  8.0945000e+004  3.0000000e+001
  3.2536400e+005  7.6777000e+004  3.0000000e+001
  3.2537100e+005  7.8736000e+004  3.0000000e+001
  3.2543800e+005  8.0037000e+004  3.0000000e+001
  3.2556200e+005  8.1520000e+004  3.0000000e+001
  3.2562600e+005  7.8941000e+004  3.0000000e+001
  3.2586300e+005  8.0058000e+004  3.0000000e+001
  3.2592700e+005  7.9101000e+004  3.0000000e+001
  3.2592800e+005  8.1273000e+004  3.0000000e+001
  3.2609000e+005  8.1437000e+004  3.0000000e+001
  3.2609200e+005  7.8503000e+004  3.0000000e+001
  3.2609800e+005  7.8514000e+004  3.0000000e+001
  3.2610300e+005  7.8654000e+004  3.0000000e+001
  3.2612500e+005  7.6793000e+004  3.0000000e+001
  3.2613800e+005  8.1311000e+004  3.0000000e+001
  3.2613900e+005  7.9256000e+004  3.0000000e+001
  3.2614200e+005  7.9646000e+004  3.0000000e+001
  3.2614300e+005  7.8893000e+004  3.0000000e+001
  3.2615100e+005  8.0669000e+004  3.0000000e+001
  3.2617000e+005  7.9778000e+004  3.0000000e+001
  3.2618900e+005  7.9175000e+004  3.0000000e+001
  3.2620600e+005  8.0954000e+004  3.0000000e+001
  3.3377700e+005  8.1464000e+004  3.1000000e+001
  3.3395300e+005  8.2210000e+004  3.1000000e+001
  3.3416100e+005  8.0325000e+004  3.1000000e+001
  3.3443800e+005  8.0659000e+004  3.1000000e+001
  3.3463600e+005  7.9341000e+004  3.1000000e+001
  3.3468900e+005  8.2063000e+004  3.1000000e+001
  3.3469200e+005  8.1715000e+004  3.1000000e+001
  3.3483200e+005  8.1667000e+004  3.1000000e+001
  3.3487900e+005  8.3480000e+004  3.1000000e+001
  3.3489700e+005  8.3760000e+004  3.1000000e+001
  3.3493000e+005  8.2441000e+004  3.1000000e+001
  3.3498400e+005  8.1800000e+004  3.1000000e+001
  3.3501300e+005  8.2279000e+004  3.1000000e+001
  3.3523000e+005  8.1043000e+004  3.1000000e+001
  3.3526100e+005  8.1494000e+004  3.1000000e+001
  3.3526400e+005  8.3367000e+004  3.1000000e+001
  3.3526600e+005  8.1187000e+004  3.1000000e+001
  3.3530200e+005  8.1298000e+004  3.1000000e+001
  3.3534600e+005  8.2573000e+004  3.1000000e+001
  3.3537800e+005  8.0298000e+004  3.1000000e+001
  3.3539400e+005  8.2195000e+004  3.1000000e+001
  3.3540100e+005  8.2036000e+004  3.1000000e+001
  3.3540400e+005  8.0778000e+004  3.1000000e+001
  3.3542000e+005  8.0420000e+004  3.1000000e+001
  3.3544500e+005  8.3343000e+004  3.1000000e+001
  3.3545500e+005  8.0907000e+004  3.1000000e+001
  3.3545700e+005  8.4107000e+004  3.1000000e+001
  3.3545800e+005  8.1141000e+004  3.1000000e+001
  3.3556700e+005  8.4018000e+004  3.1000000e+001
  3.3560700e+005  8.3412000e+004  3.1000000e+001
  3.4311500e+005  8.2794000e+004  3.2000000e+001
  3.4336200e+005  7.8667000e+004  3.2000000e+001
  3.4384300e+005  8.2208000e+004  3.2000000e+001
  3.4410600e+005  8.1657000e+004  3.2000000e+001
  3.4424400e+005  8.1504000e+004  3.2000000e+001
  3.4443900e+005  7.9079000e+004  3.2000000e+001
  3.4448700e+005  8.0460000e+004  3.2000000e+001
  3.4464300e+005  8.1572000e+004  3.2000000e+001
  3.4468700e+005  8.0855000e+004  3.2000000e+001
  3.4475200e+005  7.8511000e+004  3.2000000e+001
  3.4490100e+005  8.3699000e+004  3.2000000e+001
  3.4491400e+005  8.1386000e+004  3.2000000e+001
  3.4492000e+005  8.1192000e+004  3.2000000e+001
  3.4495200e+005  8.1541000e+004  3.2000000e+001
  3.4496000e+005  8.2281000e+004  3.2000000e+001
  3.4496800e+005  8.0632000e+004  3.2000000e+001
  3.4497400e+005  7.9541000e+004  3.2000000e+001
  3.4501400e+005  8.1561000e+004  3.2000000e+001
  3.4502300e+005  8.1644000e+004  3.2000000e+001
  3.4502600e+005  8.0728000e+004  3.2000000e+001
  3.4504300e+005  8.1756000e+004  3.2000000e+001
  3.4505200e+005  8.1328000e+004  3.2000000e+001
  3.4505400e+005  7.9802000e+004  3.2000000e+001
  3.4507700e+005  8.1100000e+004  3.2000000e+001
  3.4508500e+005  8.1747000e+004  3.2000000e+001
  3.4514200e+005  7.8643000e+004  3.2000000e+001
  3.4514500e+005  8.0372000e+004  3.2000000e+001
  3.4514700e+005  7.9974000e+004  3.2000000e+001
  3.4517100e+005  8.1503000e+004  3.2000000e+001
  3.4519000e+005  7.9523000e+004  3.2000000e+001
  3.5280600e+005  7.7559000e+004  3.3000000e+001
  3.5298700e+005  7.9043000e+004  3.3000000e+001
  3.5329700e+005  7.8776000e+004  3.3000000e+001
  3.5335800e+005  7.8284000e+004  3.3000000e+001
  3.5352000e+005  7.8642000e+004  3.3000000e+001
  3.5355100e+005  7.7111000e+004  3.3000000e+001
  3.5356500e+005  7.5931000e+004  3.3000000e+001
  3.5393800e+005  7.8966000e+004  3.3000000e+001
  3.5402000e+005  7.6148000e+004  3.3000000e+001
  3.5410600e+005  7.7687000e+004  3.3000000e+001
  3.5411500e+005  7.7983000e+004  3.3000000e+001
  3.5419200e+005  8.1228000e+004  3.3000000e+001
  3.5420100e+005  7.9675000e+004  3.3000000e+001
  3.5426300e+005  7.6172000e+004  3.3000000e+001
  3.5426500e+005  7.8080000e+004  3.3000000e+001
  3.5431000e+005  7.5655000e+004  3.3000000e+001
  3.5434400e+005  7.7150000e+004  3.3000000e+001
  3.5434600e+005  7.8183000e+004  3.3000000e+001
  3.5437300e+005  7.8633000e+004  3.3000000e+001
  3.5441400e+005  7.9215000e+004  3.3000000e+001
  3.5445400e+005  7.7379000e+004  3.3000000e+001
  3.5447000e+005  7.8626000e+004  3.3000000e+001
  3.5447200e+005  7.5244000e+004  3.3000000e+001
  3.5453000e+005  7.7014000e+004  3.3000000e+001
  3.5454600e+005  7.8685000e+004  3.3000000e+001
  3.5459400e+005  7.6943000e+004  3.3000000e+001
  3.5461800e+005  7.5659000e+004  3.3000000e+001
  3.5463400e+005  7.9167000e+004  3.3000000e+001
  3.5469500e+005  7.5944000e+004  3.3000000e+001
  3.5472600e+005  7.7385000e+004  3.3000000e+001
  3.6274500e+005  7.2579000e+004  3.4000000e+001
  3.6283000e+005  7.1039000e+004  3.4000000e+001
  3.6292200e+005  7.1643000e+004  3.4000000e+001
  3.6296900e+005  7.3986000e+004  3.4000000e+001
  3.6310500e+005  7.5752000e+004  3.4000000e+001
  3.6318100e+005  7.5844000e+004  3.4000000e+001
  3.6320300e+005  7.2373000e+004  3.4000000e+001
  3.6321200e+005  7.2568000e+004  3.4000000e+001
  3.6323600e+005  7.3652000e+004  3.4000000e+001
  3.6336800e+005  7.3323000e+004  3.4000000e+001
  3.6354000e+005  7.0858000e+004  3.4000000e+001
  3.6354700e+005  7.1438000e+004  3.4000000e+001
  3.6364600e+005  7.3683000e+004  3.4000000e+001
  3.6365600e+005  7.0649000e+004  3.4000000e+001
  3.6371600e+005  7.2368000e+004  3.4000000e+001
  3.6380800e+005  7.2462000e+004  3.4000000e+001
  3.6383500e+005  7.3733000e+004  3.4000000e+001
  3.6386300e+005  7.1088000e+004  3.4000000e+001
  3.6387400e+005  7.3478000e+004  3.4000000e+001
  3.6393500e+005  7.4168000e+004  3.4000000e+001
  3.6394900e+005  7.0461000e+004  3.4000000e+001
  3.6395700e+005  7.5880000e+004  3.4000000e+001
  3.6399300e+005  7.2524000e+004  3.4000000e+001
  3.6400300e+005  7.4449000e+004  3.4000000e+001
  3.6401000e+005  7.4540000e+004  3.4000000e+001
  3.6402500e+005  7.4553000e+004  3.4000000e+001
  3.6405700e+005  6.8808000e+004  3.4000000e+001
  3.6407500e+005  7.4938000e+004  3.4000000e+001
  3.6410400e+005  7.2644000e+004  3.4000000e+001
  3.6414800e+005  7.3025000e+004  3.4000000e+001
  3.7245400e+005  6.3108000e+004  3.5000000e+001
  3.7245400e+005  6.6255000e+004  3.5000000e+001
  3.7259500e+005  6.6058000e+004  3.5000000e+001
  3.7265200e+005  7.5335000e+004  3.5000000e+001
  3.7265600e+005  6.3047000e+004  3.5000000e+001
  3.7277700e+005  6.3200000e+004  3.5000000e+001
  3.7277900e+005  6.7612000e+004  3.5000000e+001
  3.7279400e+005  6.5636000e+004  3.5000000e+001
  3.7282100e+005  6.4863000e+004  3.5000000e+001
  3.7287700e+005  6.6858000e+004  3.5000000e+001
  3.7299300e+005  6.5838000e+004  3.5000000e+001
  3.7302300e+005  6.7368000e+004  3.5000000e+001
  3.7307300e+005  6.6994000e+004  3.5000000e+001
  3.7312000e+005  6.5078000e+004  3.5000000e+001
  3.7313600e+005  6.5657000e+004  3.5000000e+001
  3.7317900e+005  6.4366000e+004  3.5000000e+001
  3.7318100e+005  6.8769000e+004  3.5000000e+001
  3.7318700e+005  6.4631000e+004  3.5000000e+001
  3.7326400e+005  6.4141000e+004  3.5000000e+001
  3.7327400e+005  6.6726000e+004  3.5000000e+001
  3.7331400e+005  6.7274000e+004  3.5000000e+001
  3.7343000e+005  6.9494000e+004  3.5000000e+001
  3.7347000e+005  6.4204000e+004  3.5000000e+001
  3.7349000e+005  6.6903000e+004  3.5000000e+001
  3.7353800e+005  6.6985000e+004  3.5000000e+001
  3.7355600e+005  6.5345000e+004  3.5000000e+001
  3.7359700e+005  6.4457000e+004  3.5000000e+001
  3.7360100e+005  6.4148000e+004  3.5000000e+001
  3.7360200e+005  6.4607000e+004  3.5000000e+001
  3.7361800e+005  6.6412000e+004  3.5000000e+001
  3.8184400e+005  5.6250000e+004  3.6000000e+001
  3.8189000e+005  5.5248000e+004  3.6000000e+001
  3.8195200e+005  5.6806000e+004  3.6000000e+001
  3.8220300e+005  5.7246000e+004  3.6000000e+001
  3.8230000e+005  5.5564000e+004  3.6000000e+001
  3.8244500e+005  5.6931000e+004  3.6000000e+001
  3.8248900e+005  5.7174000e+004  3.6000000e+001
  3.8269200e+005  5.8732000e+004  3.6000000e+001
  3.8274800e+005  5.7218000e+004  3.6000000e+001
  3.8277200e+005  5.8369000e+004  3.6000000e+001
  3.8279300e+005  5.7124000e+004  3.6000000e+001
  3.8279700e+005  5.8274000e+004  3.6000000e+001
  3.8282500e+005  5.8153000e+004  3.6000000e+001
  3.8284900e+005  5.6466000e+004  3.6000000e+001
  3.8286100e+005  5.7101000e+004  3.6000000e+001
  3.8294400e+005  5.8458000e+004  3.6000000e+001
  3.8295100e+005  5.5737000e+004  3.6000000e+001
  3.8301900e+005  5.6245000e+004  3.6000000e+001
  3.8302900e+005  5.8509000e+004  3.6000000e+001
  3.8303100e+005  5.7740000e+004  3.6000000e+001
  3.8303400e+005  5.7683000e+004  3.6000000e+001
  3.8305400e+005  5.7033000e+004  3.6000000e+001
  3.8312600e+005  5.7194000e+004  3.6000000e+001
  3.8315000e+005  5.6511000e+004  3.6000000e+001
  3.8316500e+005  5.5925000e+004  3.6000000e+001
  3.8317300e+005  5.6346000e+004  3.6000000e+001
  3.8320400e+005  5.6200000e+004  3.6000000e+001
  3.8320800e+005  5.6220000e+004  3.6000000e+001
  3.8320800e+005  6.1177000e+004  3.6000000e+001
  3.8323500e+005  5.8107000e+004  3.6000000e+001
  3.9090500e+005  4.8172000e+004  3.7000000e+001
  3.9128000e+005  4.9814000e+004  3.7000000e+001
  3.9138300e+005  5.0029000e+004  3.7000000e+001
  3.9143800e+005  4.7925000e+004  3.7000000e+001
  3.9149600e+005  5.7397000e+004  3.7000000e+001
  3.9158800e+005  4.8002000e+004  3.7000000e+001
  3.9176700e+005  4.6808000e+004  3.7000000e+001
  3.9178300e+005  4.7753000e+004  3.7000000e+001
  3.9187600e+005  4.7784000e+004  3.7000000e+001
  3.9190100e+005  4.8060000e+004  3.7000000e+001
  3.9197600e+005  4.8045000e+004  3.7000000e+001
  3.9197900e+005  4.8417000e+004  3.7000000e+001
  3.9200500e+005  4.4479000e+004  3.7000000e+001
  3.9206900e+005  5.0014000e+004  3.7000000e+001
  3.9208000e+005  4.9877000e+004  3.7000000e+001
  3.9211400e+005  4.7784000e+004  3.7000000e+001
  3.9214400e+005  4.7756000e+004  3.7000000e+001
  3.9221300e+005  5.1119000e+004  3.7000000e+001
  3.9221900e+005  5.0752000e+004  3.7000000e+001
  3.9226900e+005  4.9521000e+004  3.7000000e+001
  3.9229800e+005  4.9361000e+004  3.7000000e+001
  3.9235800e+005  4.7948000e+004  3.7000000e+001
  3.9238800e+005  4.7240000e+004  3.7000000e+001
  3.9240600e+005  4.9118000e+004  3.7000000e+001
  3.9243300e+005  4.6457000e+004  3.7000000e+001
  3.9245300e+005  4.9935000e+004  3.7000000e+001
  3.9250800e+005  4.8726000e+004  3.7000000e+001
  3.9252400e+005  4.8192000e+004  3.7000000e+001
  3.9252900e+005  4.6801000e+004  3.7000000e+001
  3.9254400e+005  4.7068000e+004  3.7000000e+001
  4.0033300e+005  3.9298000e+004  3.8000000e+001
  4.0047200e+005  3.8054000e+004  3.8000000e+001
  4.0095000e+005  4.1081000e+004  3.8000000e+001
  4.0096100e+005  3.8512000e+004  3.8000000e+001
  4.0096500e+005  3.8912000e+004  3.8000000e+001
  4.0098900e+005  3.9713000e+004  3.8000000e+001
  4.0100100e+005  3.7243000e+004  3.8000000e+001
  4.0114200e+005  3.8293000e+004  3.8000000e+001
  4.0140700e+005  3.7259000e+004  3.8000000e+001
  4.0154500e+005  3.8566000e+004  3.8000000e+001
  4.0159400e+005  4.1362000e+004  3.8000000e+001
  4.0159900e+005  3.8729000e+004  3.8000000e+001
  4.0160300e+005  3.9247000e+004  3.8000000e+001
  4.0160900e+005  3.7668000e+004  3.8000000e+001
  4.0164600e+005  3.7971000e+004  3.8000000e+001
  4.0166600e+005  3.9937000e+004  3.8000000e+001
  4.0166800e+005  3.9573000e+004  3.8000000e+001
  4.0170900e+005  3.8663000e+004  3.8000000e+001
  4.0171200e+005  4.0273000e+004  3.8000000e+001
  4.0172700e+005  3.6625000e+004  3.8000000e+001
  4.0174700e+005  3.8143000e+004  3.8000000e+001
  4.0177300e+005  3.6325000e+004  3.8000000e+001
  4.0179300e+005  4.0605000e+004  3.8000000e+001
  4.0183900e+005  3.7688000e+004  3.8000000e+001
  4.0185300e+005  3.7423000e+004  3.8000000e+001
  4.0189300e+005  3.9211000e+004  3.8000000e+001
  4.0194700e+005  3.7538000e+004  3.8000000e+001
  4.0200300e+005  4.0524000e+004  3.8000000e+001
  4.0204300e+005  3.9762000e+004  3.8000000e+001
  4.0206100e+005  3.8931000e+004  3.8000000e+001
  4.1016000e+005  3.0360000e+004  3.9000000e+001
  4.1053100e+005  3.1668000e+004  3.9000000e+001
  4.1069300e+005  2.3828000e+004  3.9000000e+001
  4.1072900e+005  2.7883000e+004  3.9000000e+001
  4.1087100e+005  3.0619000e+004  3.9000000e+001
  4.1087200e+005  3.1727000e+004  3.9000000e+001
  4.1091400e+005  3.0397000e+004  3.9000000e+001
  4.1092800e+005  2.9023000e+004  3.9000000e+001
  4.1093500e+005  3.1412000e+004  3.9000000e+001
  4.1096400e+005  2.9295000e+004  3.9000000e+001
  4.1097900e+005  3.0274000e+004  3.9000000e+001
  4.1101300e+005  2.9462000e+004  3.9000000e+001
  4.1104300e+005  3.1286000e+004  3.9000000e+001
  4.1111900e+005  2.7950000e+004  3.9000000e+001
  4.1112200e+005  3.0065000e+004  3.9000000e+001
  4.1116100e+005  2.7577000e+004  3.9000000e+001
  4.1121100e+005  3.1815000e+004  3.9000000e+001
  4.1122100e+005  3.0605000e+004  3.9000000e+001
  4.1128200e+005  2.9134000e+004  3.9000000e+001
  4.1141300e+005  3.1567000e+004  3.9000000e+001
  4.1144900e+005  3.0173000e+004  3.9000000e+001
  4.1147400e+005  3.1347000e+004  3.9000000e+001
  4.1149500e+005  2.9440000e+004  3.9000000e+001
  4.1151300e+005  2.7157000e+004  3.9000000e+001
  4.1156600e+005  3.1436000e+004  3.9000000e+001
  4.1162600e+005  3.0323000e+004  3.9000000e+001
  4.1164200e+005  2.8407000e+004  3.9000000e+001
  4.1165800e+005  3.1920000e+004  3.9000000e+001
  4.1168800e+005  3.0228000e+004  3.9000000e+001
  4.1173000e+005  3.5144000e+004  3.9000000e+001
  4.1911100e+005  2.0312000e+004  4.0000000e+001
  4.1946600e+005  2.1143000e+004  4.0000000e+001
  4.2007400e+005  2.1091000e+004  4.0000000e+001
  4.2007800e+005  2.3785000e+004  4.0000000e+001
  4.2022700e+005  2.1938000e+004  4.0000000e+001
  4.2049600e+005  2.2967000e+004  4.0000000e+001
  4.2057700e+005  2.1646000e+004  4.0000000e+001
  4.2069300e+005  2.1878000e+004  4.0000000e+001
  4.2073900e+005  2.1567000e+004  4.0000000e+001
  4.2087400e+005  2.4243000e+004  4.0000000e+001
  4.2092700e+005  1.9982000e+004  4.0000000e+001
  4.2094900e+005  1.9172000e+004  4.0000000e+001
  4.2096300e+005  2.3274000e+004  4.0000000e+001
  4.2104400e+005  2.0331000e+004  4.0000000e+001
  4.2105100e+005  2.2933000e+004  4.0000000e+001
  4.2111500e+005  2.2091000e+004  4.0000000e+001
  4.2114800e+005  1.9492000e+004  4.0000000e+001
  4.2121300e+005  2.2028000e+004  4.0000000e+001
  4.2127600e+005  2.2663000e+004  4.0000000e+001
  4.2128500e+005  2.3143000e+004  4.0000000e+001
  4.2129100e+005  2.0691000e+004  4.0000000e+001
  4.2129800e+005  2.1791000e+004  4.0000000e+001
  4.2134500e+005  2.0701000e+004  4.0000000e+001
  4.2136800e+005  2.1741000e+004  4.0000000e+001
  4.2137200e+005  2.1466000e+004  4.0000000e+001
  4.2143400e+005  2.0436000e+004  4.0000000e+001
  4.2144400e+005  1.8792000e+004  4.0000000e+001
  4.2145100e+005  2.2540000e+004  4.0000000e+001
  4.2145600e+005  2.0890000e+004  4.0000000e+001
  4.2146400e+005  2.2329000e+004  4.0000000e+001
