  6.6415900e+005  5.5094600e+005  1.0000000e+000
  6.6584500e+005  5.5796500e+005  1.0000000e+000
  5.9717300e+005  5.7553800e+005  1.0000000e+000
  6.1860000e+005  5.5144600e+005  1.0000000e+000
  6.3569000e+005  6.0804600e+005  1.0000000e+000
  5.8810000e+005  5.5758800e+005  1.0000000e+000
  5.8201500e+005  5.4619100e+005  1.0000000e+000
  6.0467800e+005  5.7457700e+005  1.0000000e+000
  5.7202900e+005  5.1831300e+005  1.0000000e+000
  6.0473700e+005  5.7459100e+005  1.0000000e+000
  5.7772800e+005  5.8756600e+005  1.0000000e+000
  6.0201300e+005  5.7472200e+005  1.0000000e+000
  6.2796800e+005  5.7462500e+005  1.0000000e+000
  6.0726900e+005  5.3696100e+005  1.0000000e+000
  6.0314500e+005  5.7479500e+005  1.0000000e+000
  6.7191900e+005  5.7176100e+005  1.0000000e+000
  6.1218400e+005  5.7039300e+005  1.0000000e+000
  6.0003200e+005  5.7531000e+005  1.0000000e+000
  6.2791200e+005  5.9389200e+005  1.0000000e+000
  6.0196700e+005  6.0442800e+005  1.0000000e+000
  5.9185100e+005  5.6905100e+005  1.0000000e+000
  6.0144400e+005  5.7269300e+005  1.0000000e+000
  6.2971800e+005  5.5810400e+005  1.0000000e+000
  6.6143000e+005  6.0356700e+005  1.0000000e+000
  5.9755100e+005  5.5673700e+005  1.0000000e+000
  6.0118200e+005  5.8258400e+005  1.0000000e+000
  5.6270400e+005  5.7059600e+005  1.0000000e+000
  6.0510700e+005  5.6342900e+005  1.0000000e+000
  6.0721400e+005  5.7506900e+005  1.0000000e+000
  5.6882400e+005  5.7020300e+005  1.0000000e+000
  6.1248500e+005  5.1800900e+005  1.0000000e+000
  5.8924400e+005  5.7377700e+005  1.0000000e+000
  6.2557900e+005  5.5108400e+005  1.0000000e+000
  5.6023700e+005  5.0015400e+005  1.0000000e+000
  6.2622400e+005  5.6968700e+005  1.0000000e+000
  6.1066600e+005  5.5170100e+005  1.0000000e+000
  5.9742800e+005  5.6994000e+005  1.0000000e+000
  6.0058200e+005  5.9953500e+005  1.0000000e+000
  6.0416800e+005  5.5500300e+005  1.0000000e+000
  6.1387100e+005  5.5042300e+005  1.0000000e+000
  6.1731000e+005  5.5194500e+005  1.0000000e+000
  6.2572800e+005  5.7946000e+005  1.0000000e+000
  6.0630000e+005  5.6670800e+005  1.0000000e+000
  6.3855900e+005  5.5880700e+005  1.0000000e+000
  5.8217600e+005  6.3038300e+005  1.0000000e+000
  5.4405600e+005  5.7778600e+005  1.0000000e+000
  6.3129700e+005  5.7835100e+005  1.0000000e+000
  5.6157400e+005  6.2174700e+005  1.0000000e+000
  6.0497300e+005  5.7477300e+005  1.0000000e+000
  6.0528400e+005  5.5613400e+005  1.0000000e+000
  8.0153900e+005  3.1848200e+005  2.0000000e+000
  8.0166700e+005  3.1854200e+005  2.0000000e+000
  8.1404500e+005  3.3299800e+005  2.0000000e+000
  8.0047900e+005  3.2164000e+005  2.0000000e+000
  7.5747000e+005  2.2497600e+005  2.0000000e+000
  8.4453600e+005  4.2464600e+005  2.0000000e+000
  7.9710500e+005  3.1600200e+005  2.0000000e+000
  7.7995600e+005  2.7150100e+005  2.0000000e+000
  7.9720500e+005  3.1331800e+005  2.0000000e+000
  8.0132300e+005  3.1624000e+005  2.0000000e+000
  7.8366600e+005  2.6290200e+005  2.0000000e+000
  8.0613100e+005  3.1275200e+005  2.0000000e+000
  8.3065800e+005  3.6869400e+005  2.0000000e+000
  8.0248200e+005  3.3526900e+005  2.0000000e+000
  8.0191000e+005  3.2543400e+005  2.0000000e+000
  8.0806200e+005  3.3734000e+005  2.0000000e+000
  7.8983300e+005  3.0442200e+005  2.0000000e+000
  8.0360300e+005  3.2725500e+005  2.0000000e+000
  8.0086500e+005  3.1296800e+005  2.0000000e+000
  8.0223700e+005  3.1852600e+005  2.0000000e+000
  8.0395900e+005  3.1517300e+005  2.0000000e+000
  8.0012300e+005  3.1231200e+005  2.0000000e+000
  7.8092700e+005  2.8505700e+005  2.0000000e+000
  7.9724200e+005  3.2458800e+005  2.0000000e+000
  8.0155100e+005  3.2054400e+005  2.0000000e+000
  8.0918200e+005  3.1911500e+005  2.0000000e+000
  8.0193100e+005  3.1720200e+005  2.0000000e+000
  8.7080100e+005  4.7633000e+005  2.0000000e+000
  8.2032700e+005  3.5270100e+005  2.0000000e+000
  8.0109300e+005  3.1750900e+005  2.0000000e+000
  7.9852300e+005  3.2450000e+005  2.0000000e+000
  8.0523700e+005  3.1865500e+005  2.0000000e+000
  8.0337500e+005  3.1162000e+005  2.0000000e+000
  8.0144100e+005  3.2381200e+005  2.0000000e+000
  7.9731300e+005  3.1752700e+005  2.0000000e+000
  7.8822000e+005  3.0191500e+005  2.0000000e+000
  7.9039500e+005  3.0002400e+005  2.0000000e+000
  8.1713500e+005  3.4992500e+005  2.0000000e+000
  7.9778700e+005  3.0147000e+005  2.0000000e+000
  8.0463000e+005  3.3233300e+005  2.0000000e+000
  8.0871000e+005  3.3037900e+005  2.0000000e+000
  8.0211100e+005  3.2081700e+005  2.0000000e+000
  7.9637500e+005  3.0956300e+005  2.0000000e+000
  8.1976800e+005  3.4659600e+005  2.0000000e+000
  8.1460500e+005  3.5438200e+005  2.0000000e+000
  8.0056500e+005  3.1936400e+005  2.0000000e+000
  8.0208900e+005  3.1345600e+005  2.0000000e+000
  8.1440100e+005  3.4123400e+005  2.0000000e+000
  7.9660900e+005  3.1969100e+005  2.0000000e+000
  7.7613100e+005  2.4846500e+005  2.0000000e+000
  3.7827400e+005  8.1634100e+005  3.0000000e+000
  4.0623300e+005  8.1307200e+005  3.0000000e+000
  4.0147800e+005  7.8537000e+005  3.0000000e+000
  4.4865100e+005  8.4799400e+005  3.0000000e+000
  4.3444000e+005  8.2286600e+005  3.0000000e+000
  3.6919900e+005  7.3489500e+005  3.0000000e+000
  4.1324100e+005  7.7159500e+005  3.0000000e+000
  3.6941800e+005  7.3339400e+005  3.0000000e+000
  3.7856300e+005  7.8967000e+005  3.0000000e+000
  4.2419000e+005  7.8005200e+005  3.0000000e+000
  4.1599300e+005  7.7667100e+005  3.0000000e+000
  4.2135200e+005  7.9912700e+005  3.0000000e+000
  4.3265600e+005  7.8377600e+005  3.0000000e+000
  3.8303200e+005  7.8800800e+005  3.0000000e+000
  4.1437700e+005  7.7125800e+005  3.0000000e+000
  4.2526000e+005  7.7366100e+005  3.0000000e+000
  4.6913900e+005  8.1097100e+005  3.0000000e+000
  4.4297900e+005  8.0302400e+005  3.0000000e+000
  3.4707900e+005  8.0358200e+005  3.0000000e+000
  4.1279700e+005  8.0318000e+005  3.0000000e+000
  3.5287400e+005  8.0795200e+005  3.0000000e+000
  4.4228600e+005  7.5519400e+005  3.0000000e+000
  4.1643300e+005  7.8615900e+005  3.0000000e+000
  4.1970000e+005  7.9344700e+005  3.0000000e+000
  4.2296100e+005  8.2159500e+005  3.0000000e+000
  4.0000800e+005  7.8944700e+005  3.0000000e+000
  4.2958600e+005  7.7562100e+005  3.0000000e+000
  4.5756100e+005  7.8824500e+005  3.0000000e+000
  4.1541700e+005  7.8582700e+005  3.0000000e+000
  3.8955200e+005  7.5070000e+005  3.0000000e+000
  4.1559800e+005  7.8649900e+005  3.0000000e+000
  4.4344700e+005  7.8397700e+005  3.0000000e+000
  4.0479200e+005  7.4921000e+005  3.0000000e+000
  3.8939200e+005  7.3076800e+005  3.0000000e+000
  4.7348500e+005  8.4709800e+005  3.0000000e+000
  4.9161400e+005  7.7899700e+005  3.0000000e+000
  4.3748300e+005  7.8513000e+005  3.0000000e+000
  4.5257000e+005  8.4812700e+005  3.0000000e+000
  4.1719700e+005  7.7824300e+005  3.0000000e+000
  4.0598600e+005  7.8743900e+005  3.0000000e+000
  4.3756800e+005  7.9432300e+005  3.0000000e+000
  4.2031900e+005  7.9433300e+005  3.0000000e+000
  4.1896300e+005  7.4659500e+005  3.0000000e+000
  4.6942200e+005  8.2261900e+005  3.0000000e+000
  3.9768800e+005  7.6290200e+005  3.0000000e+000
  4.1814900e+005  7.9009600e+005  3.0000000e+000
  4.0728900e+005  7.9887000e+005  3.0000000e+000
  3.6031900e+005  7.7867300e+005  3.0000000e+000
  4.7379900e+005  7.9516700e+005  3.0000000e+000
  4.4519900e+005  7.6383300e+005  3.0000000e+000
  7.7781100e+005  7.5105900e+005  4.0000000e+000
  8.2397400e+005  7.2502500e+005  4.0000000e+000
  7.4972300e+005  7.8175600e+005  4.0000000e+000
  8.7516000e+005  6.9889700e+005  4.0000000e+000
  8.2819400e+005  7.4207400e+005  4.0000000e+000
  8.0091300e+005  7.4933200e+005  4.0000000e+000
  8.3116500e+005  7.8338300e+005  4.0000000e+000
  7.9301900e+005  7.6485900e+005  4.0000000e+000
  8.1046700e+005  7.0646500e+005  4.0000000e+000
  8.0354000e+005  7.5479200e+005  4.0000000e+000
  8.4466200e+005  6.5483500e+005  4.0000000e+000
  8.0396200e+005  7.3122800e+005  4.0000000e+000
  8.2306500e+005  7.3378900e+005  4.0000000e+000
  8.2215600e+005  7.3229600e+005  4.0000000e+000
  8.1138900e+005  7.2361800e+005  4.0000000e+000
  7.7993600e+005  7.7439700e+005  4.0000000e+000
  8.5476900e+005  7.1394100e+005  4.0000000e+000
  8.0345700e+005  7.3585500e+005  4.0000000e+000
  7.9071200e+005  7.4588400e+005  4.0000000e+000
  8.1565200e+005  7.3343300e+005  4.0000000e+000
  8.4128900e+005  7.0147400e+005  4.0000000e+000
  8.3205400e+005  7.5133000e+005  4.0000000e+000
  7.8603200e+005  7.0142700e+005  4.0000000e+000
  8.2483500e+005  7.0499700e+005  4.0000000e+000
  8.3288600e+005  7.8120600e+005  4.0000000e+000
  8.1806300e+005  7.9796000e+005  4.0000000e+000
  8.5762000e+005  7.0938600e+005  4.0000000e+000
  8.2858900e+005  6.5243000e+005  4.0000000e+000
  8.3672700e+005  7.3779800e+005  4.0000000e+000
  7.7600000e+005  7.8034700e+005  4.0000000e+000
  8.2409800e+005  7.1404200e+005  4.0000000e+000
  8.3058300e+005  7.1099000e+005  4.0000000e+000
  8.6218900e+005  7.3568400e+005  4.0000000e+000
  8.1513100e+005  7.0447800e+005  4.0000000e+000
  8.2847800e+005  6.5540500e+005  4.0000000e+000
  7.8483800e+005  7.7149900e+005  4.0000000e+000
  8.8036200e+005  7.0636300e+005  4.0000000e+000
  7.6748200e+005  7.2741700e+005  4.0000000e+000
  8.2507000e+005  7.3421500e+005  4.0000000e+000
  8.1378100e+005  7.3834400e+005  4.0000000e+000
  8.4086300e+005  7.3797200e+005  4.0000000e+000
  8.4094300e+005  7.3961100e+005  4.0000000e+000
  8.2827600e+005  7.6202100e+005  4.0000000e+000
  8.2288300e+005  7.2831400e+005  4.0000000e+000
  8.5488600e+005  7.6939600e+005  4.0000000e+000
  8.2962300e+005  7.3230100e+005  4.0000000e+000
  8.3542800e+005  7.3118900e+005  4.0000000e+000
  8.1833800e+005  8.0093200e+005  4.0000000e+000
  8.2341700e+005  7.0152300e+005  4.0000000e+000
  8.1215200e+005  6.8990700e+005  4.0000000e+000
  8.6095100e+005  1.6225100e+005  5.0000000e+000
  8.6038700e+005  1.5773100e+005  5.0000000e+000
  8.5736300e+005  1.5463900e+005  5.0000000e+000
  8.6339100e+005  1.2621400e+005  5.0000000e+000
  8.3909400e+005  1.5954300e+005  5.0000000e+000
  8.4924800e+005  1.6409000e+005  5.0000000e+000
  8.7599000e+005  1.3395000e+005  5.0000000e+000
  9.0593600e+005  1.5010600e+005  5.0000000e+000
  8.9583500e+005  1.2348500e+005  5.0000000e+000
  8.1807900e+005  1.0853600e+005  5.0000000e+000
  8.9897600e+005  1.9845200e+005  5.0000000e+000
  8.6908700e+005  1.5395700e+005  5.0000000e+000
  8.4965300e+005  1.4382700e+005  5.0000000e+000
  8.3429300e+005  1.6157500e+005  5.0000000e+000
  8.4423400e+005  1.5319700e+005  5.0000000e+000
  8.3512800e+005  2.1235400e+005  5.0000000e+000
  8.2817900e+005  1.5564900e+005  5.0000000e+000
  8.7541000e+005  1.2887800e+005  5.0000000e+000
  8.5096500e+005  1.5622400e+005  5.0000000e+000
  8.0081600e+005  1.7661200e+005  5.0000000e+000
  8.3262100e+005  1.5074800e+005  5.0000000e+000
  8.7686300e+005  1.7659300e+005  5.0000000e+000
  8.2619200e+005  1.7290600e+005  5.0000000e+000
  8.6267900e+005  1.8839900e+005  5.0000000e+000
  8.3997400e+005  1.5435800e+005  5.0000000e+000
  8.5433800e+005  1.3506700e+005  5.0000000e+000
  8.5523300e+005  1.4135700e+005  5.0000000e+000
  8.5053800e+005  1.6015900e+005  5.0000000e+000
  8.6844200e+005  1.6011800e+005  5.0000000e+000
  8.8871400e+005  2.0556000e+005  5.0000000e+000
  8.6418500e+005  1.6123200e+005  5.0000000e+000
  8.5128000e+005  1.5604900e+005  5.0000000e+000
  8.7582500e+005  2.0495900e+005  5.0000000e+000
  8.4037500e+005  1.5575700e+005  5.0000000e+000
  8.9234000e+005  1.4905000e+005  5.0000000e+000
  8.7352700e+005  1.2642600e+005  5.0000000e+000
  8.3643300e+005  2.0018100e+005  5.0000000e+000
  8.2649900e+005  1.4273200e+005  5.0000000e+000
  8.5492200e+005  1.5965000e+005  5.0000000e+000
  8.8353700e+005  2.1064800e+005  5.0000000e+000
  8.0742000e+005  1.6878700e+005  5.0000000e+000
  8.4029900e+005  1.1890700e+005  5.0000000e+000
  8.3460200e+005  2.1359700e+005  5.0000000e+000
  8.6405300e+005  1.3932500e+005  5.0000000e+000
  8.5645400e+005  1.1714300e+005  5.0000000e+000
  8.5797200e+005  1.6021400e+005  5.0000000e+000
  8.5004600e+005  1.0882900e+005  5.0000000e+000
  8.0493600e+005  1.4898000e+005  5.0000000e+000
  8.6437400e+005  1.5014900e+005  5.0000000e+000
  8.5858700e+005  1.5010100e+005  5.0000000e+000
  3.4069300e+005  5.6937100e+005  6.0000000e+000
  3.1596500e+005  5.8716000e+005  6.0000000e+000
  4.0565200e+005  6.2293800e+005  6.0000000e+000
  3.5983100e+005  5.5497500e+005  6.0000000e+000
  3.4929600e+005  5.5768800e+005  6.0000000e+000
  2.8942300e+005  5.5913400e+005  6.0000000e+000
  4.0868900e+005  5.6252100e+005  6.0000000e+000
  3.2131200e+005  5.7472100e+005  6.0000000e+000
  2.8656800e+005  5.4747100e+005  6.0000000e+000
  3.7025900e+005  5.8526500e+005  6.0000000e+000
  3.3996700e+005  5.6260200e+005  6.0000000e+000
  4.1091700e+005  6.1452100e+005  6.0000000e+000
  2.8357000e+005  5.6372600e+005  6.0000000e+000
  3.4719700e+005  5.9131600e+005  6.0000000e+000
  3.4206400e+005  5.7004500e+005  6.0000000e+000
  3.1733100e+005  5.5608600e+005  6.0000000e+000
  3.3579200e+005  5.4131000e+005  6.0000000e+000
  3.3045500e+005  5.6875800e+005  6.0000000e+000
  3.6679400e+005  5.8258400e+005  6.0000000e+000
  3.7869700e+005  5.9176400e+005  6.0000000e+000
  3.3998100e+005  5.6541800e+005  6.0000000e+000
  3.3834200e+005  5.6686400e+005  6.0000000e+000
  3.3847400e+005  5.6335000e+005  6.0000000e+000
  4.3205200e+005  6.1372300e+005  6.0000000e+000
  3.4006400e+005  5.5050900e+005  6.0000000e+000
  3.3435400e+005  5.7804700e+005  6.0000000e+000
  2.9677500e+005  5.7243200e+005  6.0000000e+000
  3.5333500e+005  5.9256700e+005  6.0000000e+000
  3.3401600e+005  5.6279700e+005  6.0000000e+000
  3.2843800e+005  5.3268600e+005  6.0000000e+000
  3.6592700e+005  5.7171300e+005  6.0000000e+000
  3.4324700e+005  5.6437600e+005  6.0000000e+000
  3.2505700e+005  5.8112100e+005  6.0000000e+000
  3.3088100e+005  5.7905800e+005  6.0000000e+000
  3.7864800e+005  5.7957900e+005  6.0000000e+000
  3.3911500e+005  5.6686300e+005  6.0000000e+000
  3.3329900e+005  5.9758600e+005  6.0000000e+000
  3.6704800e+005  5.5345100e+005  6.0000000e+000
  3.4584000e+005  5.6159100e+005  6.0000000e+000
  3.6693400e+005  5.8129400e+005  6.0000000e+000
  3.5879300e+005  5.4704600e+005  6.0000000e+000
  3.9357000e+005  5.7964100e+005  6.0000000e+000
  3.0439900e+005  5.4522100e+005  6.0000000e+000
  3.5397900e+005  5.7892300e+005  6.0000000e+000
  3.3700200e+005  5.8952700e+005  6.0000000e+000
  3.2773800e+005  5.5962400e+005  6.0000000e+000
  3.3454900e+005  5.7919900e+005  6.0000000e+000
  2.9711000e+005  5.5648500e+005  6.0000000e+000
  3.2740300e+005  5.4887500e+005  6.0000000e+000
  4.1389400e+005  5.6445900e+005  6.0000000e+000
  1.8261800e+005  3.4666300e+005  7.0000000e+000
  1.7146100e+005  3.4813000e+005  7.0000000e+000
  1.8653600e+005  3.3001900e+005  7.0000000e+000
  1.7724100e+005  2.9263900e+005  7.0000000e+000
  2.4868300e+005  3.8341200e+005  7.0000000e+000
  1.7405700e+005  3.5890600e+005  7.0000000e+000
  2.1524300e+005  2.8998500e+005  7.0000000e+000
  1.7068800e+005  3.4359600e+005  7.0000000e+000
  1.4450200e+005  3.4541700e+005  7.0000000e+000
  1.6568900e+005  3.5698300e+005  7.0000000e+000
  1.6844300e+005  3.6792800e+005  7.0000000e+000
  1.6515800e+005  3.4394600e+005  7.0000000e+000
  1.5971100e+005  3.5270100e+005  7.0000000e+000
  1.7578100e+005  3.4103900e+005  7.0000000e+000
  2.3348000e+005  2.8906900e+005  7.0000000e+000
  1.8902900e+005  3.6674000e+005  7.0000000e+000
  1.6857300e+005  3.5038700e+005  7.0000000e+000
  1.7027100e+005  3.0639500e+005  7.0000000e+000
  1.9277500e+005  3.5002800e+005  7.0000000e+000
  1.5205400e+005  3.4563200e+005  7.0000000e+000
  1.3929900e+005  3.1404600e+005  7.0000000e+000
  2.0205300e+005  3.2265000e+005  7.0000000e+000
  1.3469500e+005  3.5039700e+005  7.0000000e+000
  1.5965400e+005  3.8177800e+005  7.0000000e+000
  1.8809300e+005  3.2404000e+005  7.0000000e+000
  1.8323600e+005  3.3816300e+005  7.0000000e+000
  1.5698400e+005  4.3095000e+005  7.0000000e+000
  1.8275100e+005  4.3581900e+005  7.0000000e+000
  1.9890800e+005  3.7279700e+005  7.0000000e+000
  1.9851700e+005  3.2572100e+005  7.0000000e+000
  1.6134500e+005  3.5080400e+005  7.0000000e+000
  2.1049700e+005  3.5983500e+005  7.0000000e+000
  1.4199300e+005  3.3118900e+005  7.0000000e+000
  1.7078800e+005  3.7354500e+005  7.0000000e+000
  1.6644900e+005  3.6303600e+005  7.0000000e+000
  1.5547900e+005  3.4589300e+005  7.0000000e+000
  1.8638000e+005  3.6393800e+005  7.0000000e+000
  1.2933200e+005  3.6081100e+005  7.0000000e+000
  2.2422500e+005  3.7697500e+005  7.0000000e+000
  1.6594500e+005  3.4584900e+005  7.0000000e+000
  2.2355000e+005  3.2319700e+005  7.0000000e+000
  1.2275500e+005  4.3487900e+005  7.0000000e+000
  1.6658400e+005  3.4924500e+005  7.0000000e+000
  1.7947200e+005  3.4227300e+005  7.0000000e+000
  1.4874900e+005  3.5984500e+005  7.0000000e+000
  1.7750500e+005  3.3205300e+005  7.0000000e+000
  1.6022200e+005  3.8059100e+005  7.0000000e+000
  1.7886900e+005  3.7016100e+005  7.0000000e+000
  1.7000200e+005  3.7000000e+005  7.0000000e+000
  1.6435400e+005  3.4767100e+005  7.0000000e+000
  6.6911800e+005  3.5419500e+005  8.0000000e+000
  6.1368200e+005  3.9943400e+005  8.0000000e+000
  6.1739900e+005  3.9265300e+005  8.0000000e+000
  6.2924700e+005  3.6407800e+005  8.0000000e+000
  6.4107000e+005  4.2491700e+005  8.0000000e+000
  6.0953200e+005  3.8842500e+005  8.0000000e+000
  6.2936900e+005  3.9835900e+005  8.0000000e+000
  6.0591100e+005  3.7999000e+005  8.0000000e+000
  6.2255000e+005  3.9160100e+005  8.0000000e+000
  6.0790500e+005  4.0346000e+005  8.0000000e+000
  6.7946500e+005  3.9901400e+005  8.0000000e+000
  6.0871100e+005  3.7366500e+005  8.0000000e+000
  6.2349800e+005  3.9928800e+005  8.0000000e+000
  6.0121200e+005  3.7069800e+005  8.0000000e+000
  5.7498900e+005  4.0722800e+005  8.0000000e+000
  5.6351700e+005  3.9115900e+005  8.0000000e+000
  6.8771700e+005  3.7948300e+005  8.0000000e+000
  6.1604000e+005  3.3085500e+005  8.0000000e+000
  6.5302400e+005  3.6731200e+005  8.0000000e+000
  6.0744000e+005  4.0311900e+005  8.0000000e+000
  6.2024000e+005  3.9702200e+005  8.0000000e+000
  5.9921500e+005  3.9145700e+005  8.0000000e+000
  5.8747800e+005  4.2487800e+005  8.0000000e+000
  6.1392100e+005  3.9404300e+005  8.0000000e+000
  6.2432800e+005  3.9213300e+005  8.0000000e+000
  6.3588700e+005  3.8451100e+005  8.0000000e+000
  5.5987700e+005  4.0105300e+005  8.0000000e+000
  6.1775500e+005  4.0106500e+005  8.0000000e+000
  6.9326500e+005  3.8855200e+005  8.0000000e+000
  5.5993300e+005  4.0395600e+005  8.0000000e+000
  6.5585900e+005  4.1649600e+005  8.0000000e+000
  6.2591900e+005  4.0298400e+005  8.0000000e+000
  5.9521500e+005  3.9149100e+005  8.0000000e+000
  6.1749300e+005  3.7930300e+005  8.0000000e+000
  5.9865700e+005  4.4255800e+005  8.0000000e+000
  6.0164400e+005  4.3683100e+005  8.0000000e+000
  6.1711800e+005  3.7409800e+005  8.0000000e+000
  5.9105100e+005  3.8944300e+005  8.0000000e+000
  6.1729600e+005  3.8686400e+005  8.0000000e+000
  6.1646800e+005  3.9411800e+005  8.0000000e+000
  6.3038400e+005  3.7629500e+005  8.0000000e+000
  5.5877000e+005  3.9064600e+005  8.0000000e+000
  6.3733200e+005  4.1401700e+005  8.0000000e+000
  5.5678000e+005  4.0920500e+005  8.0000000e+000
  5.7747300e+005  3.8421000e+005  8.0000000e+000
  6.5005400e+005  4.3274000e+005  8.0000000e+000
  5.9506300e+005  3.2860900e+005  8.0000000e+000
  7.1444300e+005  4.3387600e+005  8.0000000e+000
  6.0356600e+005  4.1039100e+005  8.0000000e+000
  5.6235600e+005  3.8317500e+005  8.0000000e+000
  1.9646200e+005  8.8798300e+005  9.0000000e+000
  3.3597000e+005  8.4682800e+005  9.0000000e+000
  2.7239400e+005  8.3760000e+005  9.0000000e+000
  2.1116500e+005  8.2550500e+005  9.0000000e+000
  2.2643300e+005  8.3764600e+005  9.0000000e+000
  2.1968600e+005  8.5999700e+005  9.0000000e+000
  2.4208700e+005  8.4425500e+005  9.0000000e+000
  2.1355800e+005  8.7371400e+005  9.0000000e+000
  2.4514400e+005  8.4571900e+005  9.0000000e+000
  2.4799700e+005  8.7858200e+005  9.0000000e+000
  2.8357600e+005  8.0906900e+005  9.0000000e+000
  2.2467600e+005  8.5934800e+005  9.0000000e+000
  2.9821400e+005  8.2090300e+005  9.0000000e+000
  2.4546800e+005  8.5942500e+005  9.0000000e+000
  2.2270400e+005  8.2490900e+005  9.0000000e+000
  2.5092100e+005  8.1963900e+005  9.0000000e+000
  2.4920900e+005  8.0193300e+005  9.0000000e+000
  2.3059100e+005  8.7485500e+005  9.0000000e+000
  2.3409100e+005  8.7603900e+005  9.0000000e+000
  2.8676900e+005  8.6215200e+005  9.0000000e+000
  2.2478900e+005  8.6680400e+005  9.0000000e+000
  2.4502300e+005  8.4924700e+005  9.0000000e+000
  2.6362600e+005  8.5169900e+005  9.0000000e+000
  2.5019800e+005  8.2541700e+005  9.0000000e+000
  2.3126300e+005  8.6330800e+005  9.0000000e+000
  3.0760500e+005  8.4019500e+005  9.0000000e+000
  2.7663500e+005  8.7562300e+005  9.0000000e+000
  2.3039900e+005  8.4253800e+005  9.0000000e+000
  2.7407000e+005  7.9861700e+005  9.0000000e+000
  2.4793900e+005  8.3101000e+005  9.0000000e+000
  2.0992200e+005  8.5002600e+005  9.0000000e+000
  3.0072600e+005  8.6272800e+005  9.0000000e+000
  2.2272700e+005  7.7096300e+005  9.0000000e+000
  2.3950500e+005  8.8505700e+005  9.0000000e+000
  2.9156100e+005  8.4545000e+005  9.0000000e+000
  2.2112200e+005  8.3281000e+005  9.0000000e+000
  1.9425800e+005  9.1469100e+005  9.0000000e+000
  2.2892800e+005  8.5504000e+005  9.0000000e+000
  2.6462700e+005  8.0866100e+005  9.0000000e+000
  2.2591600e+005  8.4332900e+005  9.0000000e+000
  2.4022100e+005  8.4393200e+005  9.0000000e+000
  2.7660000e+005  8.2331100e+005  9.0000000e+000
  2.0485400e+005  8.1001300e+005  9.0000000e+000
  2.7832600e+005  8.2909500e+005  9.0000000e+000
  2.4604700e+005  8.4618900e+005  9.0000000e+000
  2.5103200e+005  8.7611800e+005  9.0000000e+000
  2.8525800e+005  8.4866800e+005  9.0000000e+000
  2.6094300e+005  8.8969200e+005  9.0000000e+000
  2.4592800e+005  8.6722800e+005  9.0000000e+000
  2.2100200e+005  8.7050600e+005  9.0000000e+000
  2.9427500e+005  1.7478600e+005  1.0000000e+001
  3.2942800e+005  6.6056000e+004  1.0000000e+001
  3.2593800e+005  1.6447500e+005  1.0000000e+001
  2.5312900e+005  1.5429600e+005  1.0000000e+001
  3.1983800e+005  1.7038300e+005  1.0000000e+001
  2.4021300e+005  1.1840900e+005  1.0000000e+001
  2.8378400e+005  1.7830500e+005  1.0000000e+001
  3.7661300e+005  1.5969900e+005  1.0000000e+001
  3.3871700e+005  1.8158200e+005  1.0000000e+001
  3.0428300e+005  1.8365600e+005  1.0000000e+001
  3.1451900e+005  1.4678700e+005  1.0000000e+001
  2.7089900e+005  1.7537700e+005  1.0000000e+001
  2.9122800e+005  1.0127200e+005  1.0000000e+001
  2.9117000e+005  1.1014700e+005  1.0000000e+001
  3.2152200e+005  1.6385200e+005  1.0000000e+001
  2.0262700e+005  1.7937600e+005  1.0000000e+001
  3.0791300e+005  9.1419000e+004  1.0000000e+001
  3.1109300e+005  1.6973400e+005  1.0000000e+001
  3.2177500e+005  1.6484600e+005  1.0000000e+001
  2.9483200e+005  1.2428400e+005  1.0000000e+001
  2.9553700e+005  9.1032000e+004  1.0000000e+001
  3.8304400e+005  1.8041800e+005  1.0000000e+001
  3.3857000e+005  1.9225600e+005  1.0000000e+001
  3.3789400e+005  1.7528900e+005  1.0000000e+001
  3.5979600e+005  1.6592000e+005  1.0000000e+001
  3.1626300e+005  1.6380600e+005  1.0000000e+001
  3.2097200e+005  1.7041700e+005  1.0000000e+001
  2.7786000e+005  1.1189300e+005  1.0000000e+001
  3.6780600e+005  1.2396300e+005  1.0000000e+001
  3.5935200e+005  1.6296200e+005  1.0000000e+001
  3.5096400e+005  1.4915900e+005  1.0000000e+001
  3.3220100e+005  1.8170200e+005  1.0000000e+001
  2.8796600e+005  1.5013500e+005  1.0000000e+001
  3.4694200e+005  1.5278000e+005  1.0000000e+001
  2.3278400e+005  1.6984700e+005  1.0000000e+001
  2.9249200e+005  9.9170000e+004  1.0000000e+001
  3.3452900e+005  1.6676500e+005  1.0000000e+001
  3.6320800e+005  2.3864900e+005  1.0000000e+001
  1.9679500e+005  1.9027700e+005  1.0000000e+001
  3.5333300e+005  1.1315600e+005  1.0000000e+001
  3.7319100e+005  8.8470000e+004  1.0000000e+001
  3.3378900e+005  1.5116800e+005  1.0000000e+001
  3.3973200e+005  1.6315800e+005  1.0000000e+001
  3.2182200e+005  1.8710200e+005  1.0000000e+001
  2.7679200e+005  1.4184800e+005  1.0000000e+001
  3.0804400e+005  1.6448200e+005  1.0000000e+001
  3.1132800e+005  1.5947700e+005  1.0000000e+001
  3.8305200e+005  8.9061000e+004  1.0000000e+001
  3.1682000e+005  1.5030400e+005  1.0000000e+001
  3.1447900e+005  1.7882100e+005  1.0000000e+001
  1.6510400e+005  5.4339500e+005  1.1000000e+001
  1.3990300e+005  5.9224100e+005  1.1000000e+001
  1.3270500e+005  5.5767400e+005  1.1000000e+001
  1.1431100e+005  6.0160500e+005  1.1000000e+001
  1.0246000e+005  5.3305700e+005  1.1000000e+001
  1.8593500e+005  5.5462700e+005  1.1000000e+001
  1.2344100e+005  5.9441500e+005  1.1000000e+001
  9.7216000e+004  5.6409400e+005  1.1000000e+001
  1.1094800e+005  5.3953300e+005  1.1000000e+001
  1.0155300e+005  5.1771500e+005  1.1000000e+001
  1.3302300e+005  5.7457200e+005  1.1000000e+001
  1.4457000e+005  5.7393600e+005  1.1000000e+001
  1.3653100e+005  5.5765800e+005  1.1000000e+001
  1.7357600e+005  5.0730900e+005  1.1000000e+001
  1.7918900e+005  5.3602800e+005  1.1000000e+001
  1.4123800e+005  5.5798600e+005  1.1000000e+001
  1.5643000e+005  6.1511700e+005  1.1000000e+001
  6.9169000e+004  6.3149000e+005  1.1000000e+001
  3.1842000e+004  5.6576500e+005  1.1000000e+001
  1.4462000e+005  5.7537000e+005  1.1000000e+001
  1.5589900e+005  5.6171500e+005  1.1000000e+001
  1.3745100e+005  5.5533900e+005  1.1000000e+001
  6.8388000e+004  5.7438000e+005  1.1000000e+001
  1.6629000e+005  5.2171400e+005  1.1000000e+001
  2.1049900e+005  5.2647100e+005  1.1000000e+001
  1.4831900e+005  5.8454100e+005  1.1000000e+001
  1.3533600e+005  5.5255200e+005  1.1000000e+001
  1.3660600e+005  5.6229600e+005  1.1000000e+001
  1.3630100e+005  5.6954400e+005  1.1000000e+001
  1.1938600e+005  6.2054900e+005  1.1000000e+001
  1.3921200e+005  5.5771300e+005  1.1000000e+001
  8.4501000e+004  6.0467100e+005  1.1000000e+001
  1.7660200e+005  5.7455200e+005  1.1000000e+001
  1.0594500e+005  5.2879500e+005  1.1000000e+001
  1.4098900e+005  5.3715600e+005  1.1000000e+001
  1.3844900e+005  5.5596900e+005  1.1000000e+001
  1.2866900e+005  5.7459100e+005  1.1000000e+001
  9.5749000e+004  6.0277500e+005  1.1000000e+001
  1.3946000e+005  5.5726000e+005  1.1000000e+001
  1.3044000e+005  5.6262300e+005  1.1000000e+001
  1.4788500e+005  5.2781300e+005  1.1000000e+001
  5.8190000e+004  6.0830400e+005  1.1000000e+001
  1.5170100e+005  5.7414600e+005  1.1000000e+001
  1.4838500e+005  5.3814900e+005  1.1000000e+001
  1.4266800e+005  5.4497600e+005  1.1000000e+001
  1.4525100e+005  5.5348600e+005  1.1000000e+001
  1.4226500e+005  5.4613500e+005  1.1000000e+001
  2.0291300e+005  5.2596600e+005  1.1000000e+001
  1.9256400e+005  5.4755800e+005  1.1000000e+001
  1.7924000e+005  5.7701100e+005  1.1000000e+001
  5.0927900e+005  1.8054800e+005  1.2000000e+001
  4.9516500e+005  1.6311300e+005  1.2000000e+001
  4.7465200e+005  1.9322400e+005  1.2000000e+001
  5.0778600e+005  1.9957800e+005  1.2000000e+001
  5.6666600e+005  1.9525500e+005  1.2000000e+001
  5.0601200e+005  1.7837200e+005  1.2000000e+001
  5.4143500e+005  2.0663700e+005  1.2000000e+001
  5.0731100e+005  1.7779500e+005  1.2000000e+001
  4.6170100e+005  1.8843800e+005  1.2000000e+001
  5.0606900e+005  1.6972300e+005  1.2000000e+001
  4.7715500e+005  1.6101900e+005  1.2000000e+001
  5.0504400e+005  1.8064600e+005  1.2000000e+001
  4.6769700e+005  1.6808200e+005  1.2000000e+001
  5.1186800e+005  1.7099100e+005  1.2000000e+001
  5.0022500e+005  1.7755900e+005  1.2000000e+001
  4.6061600e+005  1.7481000e+005  1.2000000e+001
  5.7375500e+005  2.1804900e+005  1.2000000e+001
  5.4361600e+005  1.4478800e+005  1.2000000e+001
  5.0980400e+005  1.7571400e+005  1.2000000e+001
  5.4231100e+005  1.6188200e+005  1.2000000e+001
  4.7594400e+005  1.8933700e+005  1.2000000e+001
  5.1775000e+005  1.9902500e+005  1.2000000e+001
  5.2095200e+005  1.6918400e+005  1.2000000e+001
  5.5907600e+005  1.9077000e+005  1.2000000e+001
  4.1676300e+005  9.6639000e+004  1.2000000e+001
  5.4938400e+005  2.0845000e+005  1.2000000e+001
  5.4914700e+005  1.7145400e+005  1.2000000e+001
  5.2088000e+005  2.0095500e+005  1.2000000e+001
  4.8434800e+005  2.0281300e+005  1.2000000e+001
  4.8747200e+005  1.6699900e+005  1.2000000e+001
  5.0472800e+005  1.7454100e+005  1.2000000e+001
  4.6573400e+005  1.1409000e+005  1.2000000e+001
  5.7026600e+005  1.8803200e+005  1.2000000e+001
  5.0558400e+005  1.7613500e+005  1.2000000e+001
  5.1473900e+005  1.8962400e+005  1.2000000e+001
  5.0058900e+005  1.8146600e+005  1.2000000e+001
  5.0409600e+005  1.9249300e+005  1.2000000e+001
  5.5311800e+005  1.6547200e+005  1.2000000e+001
  5.0251100e+005  2.0512100e+005  1.2000000e+001
  5.5179800e+005  2.2141100e+005  1.2000000e+001
  5.0273700e+005  1.7443700e+005  1.2000000e+001
  5.1318100e+005  1.7741900e+005  1.2000000e+001
  5.1301000e+005  1.4105800e+005  1.2000000e+001
  5.3556400e+005  1.7724800e+005  1.2000000e+001
  5.1455100e+005  1.7652600e+005  1.2000000e+001
  4.5003000e+005  1.6953700e+005  1.2000000e+001
  5.2115200e+005  1.5243900e+005  1.2000000e+001
  5.0551200e+005  2.0385700e+005  1.2000000e+001
  5.0992800e+005  1.8487300e+005  1.2000000e+001
  4.9027100e+005  2.1672500e+005  1.2000000e+001
  4.0618400e+005  3.9450600e+005  1.3000000e+001
  4.1799600e+005  4.0816200e+005  1.3000000e+001
  4.2866700e+005  4.5123300e+005  1.3000000e+001
  4.2538600e+005  3.7963400e+005  1.3000000e+001
  3.8820200e+005  4.0578000e+005  1.3000000e+001
  3.7095500e+005  3.2507100e+005  1.3000000e+001
  3.5374900e+005  3.9189600e+005  1.3000000e+001
  3.9862900e+005  4.0162600e+005  1.3000000e+001
  3.9340200e+005  4.0101800e+005  1.3000000e+001
  4.6559900e+005  3.8347000e+005  1.3000000e+001
  4.0025700e+005  4.0493600e+005  1.3000000e+001
  4.4461000e+005  4.0024700e+005  1.3000000e+001
  3.9204600e+005  3.9122000e+005  1.3000000e+001
  4.1050600e+005  3.9558600e+005  1.3000000e+001
  5.0880500e+005  4.2907300e+005  1.3000000e+001
  4.2478200e+005  4.4968700e+005  1.3000000e+001
  3.8446700e+005  4.0735900e+005  1.3000000e+001
  3.9739900e+005  4.0318600e+005  1.3000000e+001
  4.4968300e+005  3.8886300e+005  1.3000000e+001
  3.8775600e+005  4.3558800e+005  1.3000000e+001
  4.5175300e+005  3.8344000e+005  1.3000000e+001
  4.1444800e+005  4.2979000e+005  1.3000000e+001
  3.9459900e+005  4.0906800e+005  1.3000000e+001
  3.8733000e+005  4.0903700e+005  1.3000000e+001
  4.0210900e+005  4.3018500e+005  1.3000000e+001
  3.9382500e+005  4.5306700e+005  1.3000000e+001
  4.1211100e+005  4.1846600e+005  1.3000000e+001
  3.9721300e+005  3.7783900e+005  1.3000000e+001
  3.6115900e+005  4.3632700e+005  1.3000000e+001
  3.8307500e+005  4.4761600e+005  1.3000000e+001
  3.8383200e+005  3.4050600e+005  1.3000000e+001
  4.0222700e+005  4.1468500e+005  1.3000000e+001
  4.1195700e+005  3.9779600e+005  1.3000000e+001
  3.7740800e+005  3.9512300e+005  1.3000000e+001
  4.1723100e+005  3.8130300e+005  1.3000000e+001
  4.4291500e+005  4.2057300e+005  1.3000000e+001
  4.1539400e+005  3.9694000e+005  1.3000000e+001
  4.2079200e+005  4.3090100e+005  1.3000000e+001
  3.9779100e+005  4.4452700e+005  1.3000000e+001
  3.8580400e+005  3.9310100e+005  1.3000000e+001
  3.8457200e+005  3.8852300e+005  1.3000000e+001
  4.0206900e+005  4.3486800e+005  1.3000000e+001
  4.1499700e+005  4.3259700e+005  1.3000000e+001
  3.9291900e+005  4.0510300e+005  1.3000000e+001
  3.9615000e+005  4.3032900e+005  1.3000000e+001
  4.3914500e+005  4.0774800e+005  1.3000000e+001
  4.0124000e+005  3.5408500e+005  1.3000000e+001
  4.2422800e+005  4.4220800e+005  1.3000000e+001
  3.3602300e+005  4.1686200e+005  1.3000000e+001
  3.5135200e+005  3.6291000e+005  1.3000000e+001
  8.5465400e+005  5.4922200e+005  1.4000000e+001
  8.8926000e+005  5.4142300e+005  1.4000000e+001
  8.7082600e+005  5.2462500e+005  1.4000000e+001
  8.6802500e+005  5.6929600e+005  1.4000000e+001
  8.6136400e+005  5.9812700e+005  1.4000000e+001
  8.2514100e+005  5.3599700e+005  1.4000000e+001
  9.0664000e+005  5.8729600e+005  1.4000000e+001
  9.0639600e+005  5.3580300e+005  1.4000000e+001
  8.8789600e+005  5.5857200e+005  1.4000000e+001
  8.1777600e+005  5.2560000e+005  1.4000000e+001
  8.4406600e+005  5.4602900e+005  1.4000000e+001
  8.4897600e+005  5.5870600e+005  1.4000000e+001
  8.9713100e+005  6.0458200e+005  1.4000000e+001
  8.4512000e+005  5.4983000e+005  1.4000000e+001
  8.7224100e+005  5.5673300e+005  1.4000000e+001
  8.5781800e+005  5.3452500e+005  1.4000000e+001
  7.9426500e+005  5.9457300e+005  1.4000000e+001
  8.5712600e+005  5.4815100e+005  1.4000000e+001
  8.4278600e+005  6.1403400e+005  1.4000000e+001
  8.8997500e+005  5.8936100e+005  1.4000000e+001
  8.4113000e+005  5.2974500e+005  1.4000000e+001
  8.1356100e+005  5.8315600e+005  1.4000000e+001
  8.5560300e+005  5.4241400e+005  1.4000000e+001
  8.8755600e+005  5.3179700e+005  1.4000000e+001
  8.3703200e+005  5.0926400e+005  1.4000000e+001
  8.5203700e+005  6.4972400e+005  1.4000000e+001
  7.9379100e+005  5.8131500e+005  1.4000000e+001
  9.0445000e+005  5.3342700e+005  1.4000000e+001
  8.7972200e+005  5.5024600e+005  1.4000000e+001
  8.3908800e+005  5.2846000e+005  1.4000000e+001
  8.6936900e+005  5.3686800e+005  1.4000000e+001
  8.7187300e+005  5.0909400e+005  1.4000000e+001
  9.0099100e+005  4.9714900e+005  1.4000000e+001
  9.1954400e+005  5.4125500e+005  1.4000000e+001
  8.6052000e+005  5.4402300e+005  1.4000000e+001
  8.6304200e+005  5.5789000e+005  1.4000000e+001
  8.8980500e+005  5.2203900e+005  1.4000000e+001
  8.7903100e+005  4.8988100e+005  1.4000000e+001
  8.5291800e+005  5.5211200e+005  1.4000000e+001
  9.0384000e+005  5.8622900e+005  1.4000000e+001
  9.3266200e+005  5.3706900e+005  1.4000000e+001
  9.0850600e+005  5.4961100e+005  1.4000000e+001
  8.6753300e+005  5.4229000e+005  1.4000000e+001
  8.4461700e+005  4.9901300e+005  1.4000000e+001
  8.6200200e+005  5.3400600e+005  1.4000000e+001
  8.8398100e+005  6.0758100e+005  1.4000000e+001
  8.6426500e+005  5.4950500e+005  1.4000000e+001
  8.8306200e+005  5.4749800e+005  1.4000000e+001
  8.6087000e+005  5.4651600e+005  1.4000000e+001
  8.9556500e+005  5.0187100e+005  1.4000000e+001
  7.3088700e+005  8.2597200e+005  1.5000000e+001
  6.4523300e+005  9.2720100e+005  1.5000000e+001
  6.4556300e+005  8.1948000e+005  1.5000000e+001
  5.7332400e+005  8.7880200e+005  1.5000000e+001
  6.9369900e+005  8.2263700e+005  1.5000000e+001
  6.4941200e+005  8.5699300e+005  1.5000000e+001
  6.8455800e+005  8.7857300e+005  1.5000000e+001
  6.5665800e+005  8.5460900e+005  1.5000000e+001
  6.5150600e+005  8.5609700e+005  1.5000000e+001
  6.1840500e+005  8.4285900e+005  1.5000000e+001
  6.6728000e+005  7.6561900e+005  1.5000000e+001
  6.0099600e+005  8.9078200e+005  1.5000000e+001
  6.7446300e+005  8.6248600e+005  1.5000000e+001
  6.7669400e+005  8.5159700e+005  1.5000000e+001
  6.2068500e+005  8.8081300e+005  1.5000000e+001
  7.1659000e+005  8.7497500e+005  1.5000000e+001
  7.2140100e+005  9.5188000e+005  1.5000000e+001
  6.5709400e+005  8.5764000e+005  1.5000000e+001
  6.4469300e+005  8.6737100e+005  1.5000000e+001
  6.3360100e+005  8.6148200e+005  1.5000000e+001
  6.7364600e+005  8.5734600e+005  1.5000000e+001
  6.5718400e+005  8.5550900e+005  1.5000000e+001
  7.0824400e+005  8.7183400e+005  1.5000000e+001
  6.5908100e+005  8.6056000e+005  1.5000000e+001
  6.5781100e+005  8.8590400e+005  1.5000000e+001
  6.4284300e+005  9.0918500e+005  1.5000000e+001
  7.0930300e+005  8.9753800e+005  1.5000000e+001
  6.1050500e+005  8.5147600e+005  1.5000000e+001
  6.1264800e+005  7.7228000e+005  1.5000000e+001
  6.7319600e+005  8.1294100e+005  1.5000000e+001
  6.7326700e+005  8.8372700e+005  1.5000000e+001
  6.9445100e+005  8.6398100e+005  1.5000000e+001
  6.7886900e+005  9.0249200e+005  1.5000000e+001
  6.9001800e+005  8.1928000e+005  1.5000000e+001
  6.7798300e+005  8.9007700e+005  1.5000000e+001
  6.3999700e+005  8.6596500e+005  1.5000000e+001
  7.0925400e+005  8.4744400e+005  1.5000000e+001
  6.7979900e+005  8.5868000e+005  1.5000000e+001
  6.6435500e+005  8.3147200e+005  1.5000000e+001
  6.5916600e+005  8.6166500e+005  1.5000000e+001
  6.9238600e+005  8.6338600e+005  1.5000000e+001
  6.8807600e+005  8.3390500e+005  1.5000000e+001
  6.8050600e+005  8.4005300e+005  1.5000000e+001
  6.4184000e+005  8.8674500e+005  1.5000000e+001
  6.7329200e+005  8.5710500e+005  1.5000000e+001
  6.2221200e+005  8.6001500e+005  1.5000000e+001
  7.3655700e+005  8.9796100e+005  1.5000000e+001
  6.6823400e+005  8.8669600e+005  1.5000000e+001
  6.7501300e+005  8.7633100e+005  1.5000000e+001
  6.7590200e+005  8.5396100e+005  1.5000000e+001
