  2.3197622e-001  5.7927075e-001  1.0000000e+000
 -2.8032440e-001  1.4085282e-001  1.0000000e+000
  8.3538744e-002  1.0704845e-001  1.0000000e+000
  3.3607034e-001  3.9201514e-001  1.0000000e+000
  3.7399858e-001  5.2694570e-002  1.0000000e+000
  2.5084031e-001  4.5491873e-001  1.0000000e+000
  7.2048449e-001  4.5949367e-001  1.0000000e+000
  3.0502716e-001 -1.1753334e-001  1.0000000e+000
  1.3623081e-001  7.5734910e-001  1.0000000e+000
  3.9909188e-001  3.4118118e-001  1.0000000e+000
  6.0886734e-002  5.2299083e-001  1.0000000e+000
  2.5026184e-001  4.0742632e-001  1.0000000e+000
  7.6884791e-001  2.9175896e-001  1.0000000e+000
  5.8383448e-001  5.3768670e-001  1.0000000e+000
  6.3226018e-001  5.0313305e-001  1.0000000e+000
  5.1367874e-001  1.3729328e-001  1.0000000e+000
  1.9039500e-001  3.6930557e-001  1.0000000e+000
  3.2522372e-001  2.1514753e-001  1.0000000e+000
  5.9416019e-001  5.2895015e-001  1.0000000e+000
  3.9421591e-001  2.8656685e-001  1.0000000e+000
  4.6822373e-001 -6.6883392e-002  1.0000000e+000
  1.8024199e-001  4.4671724e-001  1.0000000e+000
  2.9704082e-001  1.8190652e-001  1.0000000e+000
  3.3856825e-001  3.0876118e-001  1.0000000e+000
  4.8128799e-001  2.8288368e-001  1.0000000e+000
  1.9010907e-001  1.4608928e-001  1.0000000e+000
  7.9172263e-001  2.7004784e-003  1.0000000e+000
  3.8129415e-001  5.4323835e-001  1.0000000e+000
  2.1344336e-001  5.8848198e-001  1.0000000e+000
  1.3624590e-001  8.8581642e-002  1.0000000e+000
  1.5712942e-002  7.1812047e-001  1.0000000e+000
  4.5421580e-001  5.7917166e-001  1.0000000e+000
  3.3605713e-001  5.9296161e-001  1.0000000e+000
  2.7672347e-001  1.7383054e-001  1.0000000e+000
  1.7971636e-001  7.1588396e-001  1.0000000e+000
  2.2408803e-001  2.8485502e-001  1.0000000e+000
  7.2549541e-001  1.4305159e-001  1.0000000e+000
  5.0893110e-001  4.7366581e-001  1.0000000e+000
  4.9085876e-001  1.0180349e-001  1.0000000e+000
  4.5427808e-001  4.6278993e-001  1.0000000e+000
  2.9335388e-001 -1.1878371e-001  1.0000000e+000
  5.9640331e-001  3.3063182e-001  1.0000000e+000
  1.4241944e-001 -6.5397102e-002  1.0000000e+000
  4.6233991e-001  3.6121071e-001  1.0000000e+000
  3.3326196e-001  2.1762562e-001  1.0000000e+000
  3.1975323e-001 -1.8569045e-002  1.0000000e+000
  3.9103949e-001  4.1508048e-001  1.0000000e+000
  4.7727453e-001  3.6073793e-001  1.0000000e+000
  1.6061446e-001  4.0483593e-001  1.0000000e+000
  4.3824596e-001  2.6212940e-001  1.0000000e+000
  4.8591955e-001  2.4969080e-001  1.0000000e+000
  5.8978625e-001  3.1252833e-001  1.0000000e+000
  4.6807081e-002  3.5685753e-001  1.0000000e+000
  5.6648687e-001  2.8140871e-001  1.0000000e+000
  3.6944817e-001  1.3779059e-001  1.0000000e+000
  4.4661354e-001  8.7362412e-002  1.0000000e+000
  2.9944059e-001  3.6420406e-001  1.0000000e+000
  3.4539481e-001  3.2050712e-001  1.0000000e+000
  1.8232091e-001  3.5319890e-001  1.0000000e+000
  2.0415098e-001  1.0737401e-001  1.0000000e+000
  2.2074741e-001  4.5516597e-001  1.0000000e+000
  3.2015618e-001  2.6333912e-002  1.0000000e+000
 -1.1336407e-001  3.5032163e-001  1.0000000e+000
  8.0056488e-001  3.6356330e-001  1.0000000e+000
 -4.1018999e-002  6.2386607e-001  1.0000000e+000
  1.6145811e-001  3.8727789e-001  1.0000000e+000
  3.7780726e-001  6.1384045e-001  1.0000000e+000
  2.0520601e-001  2.8331211e-001  1.0000000e+000
  2.1620172e-001  3.4315535e-001  1.0000000e+000
  1.6863760e-001  4.1160492e-001  1.0000000e+000
  1.4325931e-001  3.6679350e-001  1.0000000e+000
  1.8496415e-001  1.6527611e-001  1.0000000e+000
  2.4866042e-001  4.4180634e-001  1.0000000e+000
  1.7892839e-001  2.2058216e-001  1.0000000e+000
  4.0092450e-001  4.2737839e-002  1.0000000e+000
  2.5202085e-001  2.5961168e-001  1.0000000e+000
  5.3527001e-002  3.0220915e-002  1.0000000e+000
  4.2682087e-001  1.7147418e-001  1.0000000e+000
  2.0718301e-001  4.0636280e-001  1.0000000e+000
  4.9323305e-001  1.2438001e-001  1.0000000e+000
  1.4034052e-001  2.8767661e-001  1.0000000e+000
  5.6754474e-001  1.6685960e-001  1.0000000e+000
  3.7701363e-001  3.6936974e-001  1.0000000e+000
  3.2611833e-001  2.8411612e-001  1.0000000e+000
  2.5897858e-001  4.3576682e-001  1.0000000e+000
  4.0045172e-001  5.5119543e-001  1.0000000e+000
  4.7048101e-001  4.7015061e-001  1.0000000e+000
  2.2430975e-002  6.0585129e-001  1.0000000e+000
  4.1513438e-001  3.4984036e-001  1.0000000e+000
  6.0438492e-001  6.0026378e-001  1.0000000e+000
  5.6007082e-001  2.5950315e-001  1.0000000e+000
  3.5365948e-002  3.8507818e-001  1.0000000e+000
  4.7870326e-001  4.7175392e-001  1.0000000e+000
  2.6946565e-001  2.1759731e-001  1.0000000e+000
  3.2004671e-001  3.6097951e-001  1.0000000e+000
  2.5696477e-001  5.5737651e-001  1.0000000e+000
  4.1416240e-001  5.9286252e-001  1.0000000e+000
  2.4843771e-001  2.8508811e-001  1.0000000e+000
  2.2139666e-001  2.9295271e-001  1.0000000e+000
  5.8308897e-001  1.5885534e-001  1.0000000e+000
  3.3925902e-001  1.7256224e-001  1.0000000e+000
  4.8202311e-001  2.8419437e-002  1.0000000e+000
  3.1851418e-001  4.2628098e-001  1.0000000e+000
  2.5066479e-001  2.6466695e-001  1.0000000e+000
  9.9418931e-002  2.5612762e-001  1.0000000e+000
  3.9333923e-001  3.2749315e-001  1.0000000e+000
  2.7410288e-001  3.5482202e-001  1.0000000e+000
  2.6549561e-001  1.5688494e-001  1.0000000e+000
  1.4939321e-001  6.4034730e-002  1.0000000e+000
  4.8332916e-001  5.9559163e-001  1.0000000e+000
  2.4817914e-001  2.3017746e-001  1.0000000e+000
  2.3689466e-001  7.7604333e-001  1.0000000e+000
  3.4548729e-001  2.4289822e-001  1.0000000e+000
  2.0892598e-001  1.8619365e-001  1.0000000e+000
  2.5268709e-001  5.5450868e-001  1.0000000e+000
  7.8386180e-001  5.5442658e-001  1.0000000e+000
  2.1891008e-001  2.3751360e-001  1.0000000e+000
  2.5947589e-001  2.3172037e-001  1.0000000e+000
  2.4594641e-001 -2.5297365e-001  1.0000000e+000
  4.6463871e-001  3.6929236e-001  1.0000000e+000
  1.6416457e-001  2.5425348e-001  1.0000000e+000
  3.1713924e-001  1.1516218e-001  1.0000000e+000
  1.5659063e-001  1.7430144e-001  1.0000000e+000
  3.5689728e-001  6.4208846e-001  1.0000000e+000
  2.0549383e-001  4.4550933e-001  1.0000000e+000
  2.9362000e-001  3.5369999e-001  1.0000000e+000
  2.6121226e-001 -7.2558663e-002  1.0000000e+000
  2.1999342e-001  3.1953041e-001  1.0000000e+000
  4.9887151e-001  1.3301087e-001  1.0000000e+000
  9.2401753e-002  3.7255465e-001  1.0000000e+000
  4.0188705e-001  4.6375626e-001  1.0000000e+000
  5.6215729e-001  2.6396194e-002  1.0000000e+000
  5.5919037e-001  3.4095753e-001  1.0000000e+000
  3.0613786e-001  1.5497117e-001  1.0000000e+000
  4.0727639e-001  4.8499747e-001  1.0000000e+000
  4.1371604e-001  2.8666310e-001  1.0000000e+000
  9.0415314e-002  4.8544666e-001  1.0000000e+000
  2.5491133e-001  2.8890811e-001  1.0000000e+000
  4.6680161e-001  3.3681102e-001  1.0000000e+000
  2.4252463e-001  4.6765742e-001  1.0000000e+000
  2.8066804e-001  2.5567371e-001  1.0000000e+000
  5.6876680e-001  4.4934726e-001  1.0000000e+000
  4.3890748e-001  1.5015181e-001  1.0000000e+000
  3.0970968e-001  1.5241192e-001  1.0000000e+000
  2.8957257e-001  3.6418990e-001  1.0000000e+000
  3.0085045e-001  2.5291157e-001  1.0000000e+000
  3.1381750e-001  4.7263625e-001  1.0000000e+000
  5.2394500e-001  4.8392923e-001  1.0000000e+000
  3.4587891e-001  2.0482843e-001  1.0000000e+000
  3.0823754e-001  5.6292627e-001  1.0000000e+000
  6.1991689e-001  5.3815665e-001  1.0000000e+000
  5.0993046e-001  3.3536908e-001  1.0000000e+000
  3.1881333e-001  2.3493642e-001  1.0000000e+000
  3.1102988e-001  3.4631667e-001  1.0000000e+000
  3.0848668e-001  2.5824334e-001  1.0000000e+000
  4.6198509e-001  2.7686208e-001  1.0000000e+000
  4.4500269e-001  4.0551538e-001  1.0000000e+000
  4.0058855e-001  3.2039954e-001  1.0000000e+000
  1.8929090e-001  3.3942311e-001  1.0000000e+000
  6.6980907e-001 -3.5910126e-003  1.0000000e+000
  5.4147941e-002  2.6010522e-001  1.0000000e+000
  5.6872244e-001 -1.4707041e-001  1.0000000e+000
  2.9124854e-001  3.1005590e-001  1.0000000e+000
  2.8856472e-001  4.5315122e-001  1.0000000e+000
  4.7313746e-001  2.5333906e-001  1.0000000e+000
  2.6267779e-001  2.8335646e-001  1.0000000e+000
  6.7518802e-001  1.6614147e-001  1.0000000e+000
  4.9793256e-001  2.7765666e-001  1.0000000e+000
  6.5841889e-001  1.1798471e-001  1.0000000e+000
  7.6478066e-001  3.9462158e-001  1.0000000e+000
  3.7008846e-003  2.5346551e-001  1.0000000e+000
  3.1247654e-001  3.3489063e-001  1.0000000e+000
  3.0756659e-001  6.9791636e-001  1.0000000e+000
  4.1808337e-001  1.9128384e-001  1.0000000e+000
  4.1983578e-001 -6.8522558e-002  1.0000000e+000
  1.8929562e-001  4.0745369e-001  1.0000000e+000
  2.4172062e-001  3.0701066e-001  1.0000000e+000
  2.8394731e-001  4.1089905e-001  1.0000000e+000
  3.8667310e-001  3.9531424e-001  1.0000000e+000
  2.1405014e-001  3.2715343e-001  1.0000000e+000
  4.6244088e-001  2.0332326e-001  1.0000000e+000
  4.2274891e-001  3.2712606e-001  1.0000000e+000
  4.3973980e-001  4.2242134e-001  1.0000000e+000
  2.8745118e-001  6.0183783e-001  1.0000000e+000
  4.6378562e-001  2.0212479e-001  1.0000000e+000
  3.6706728e-001  1.9861809e-001  1.0000000e+000
  4.0601469e-001  1.0767505e-001  1.0000000e+000
  3.1640695e-001  2.0009589e-001  1.0000000e+000
  3.9799627e-001  1.2985239e-001  1.0000000e+000
  1.7772615e-001  9.7623006e-002  1.0000000e+000
  3.6460428e-001  1.8196881e-001  1.0000000e+000
  5.0024079e-001  2.5779227e-001  1.0000000e+000
  3.8883695e-001  3.7721641e-001  1.0000000e+000
  4.4782994e-001  2.1990554e-001  1.0000000e+000
  3.3776896e-001  2.7872112e-001  1.0000000e+000
  3.6838654e-001  1.4492384e-001  1.0000000e+000
  9.1573115e-001  4.6409693e-001  1.0000000e+000
  6.2168247e-002  1.9233037e-001  1.0000000e+000
  4.8413695e-001  1.3384131e-001  1.0000000e+000
  3.1831129e-001  1.7879805e-001  1.0000000e+000
  3.6316706e-001 -3.6248824e-002  1.0000000e+000
  3.6353038e-001  2.0721121e-001  1.0000000e+000
  1.5736538e-001  2.5133375e-001  1.0000000e+000
  4.8582047e-001  5.2130448e-001  1.0000000e+000
  4.1720103e-001  5.4013932e-001  1.0000000e+000
  6.7500019e-002  4.0121316e-001  1.0000000e+000
  5.6152309e-002  6.6063170e-001  1.0000000e+000
  1.0696358e-002  6.4163550e-001  1.0000000e+000
  3.2593337e-001 -1.5066118e-002  1.0000000e+000
  3.9582299e-001  3.7223852e-001  1.0000000e+000
  2.0912226e-001  4.6548791e-001  1.0000000e+000
  4.3882161e-001  4.3238279e-001  1.0000000e+000
  3.5843358e-001  5.7460616e-001  1.0000000e+000
  3.2919660e-001 -1.1402766e-002  1.0000000e+000
  2.0168421e-001  1.2118378e-001  1.0000000e+000
  7.2119225e-001  2.1962339e-001  1.0000000e+000
  3.9219550e-001  4.2684907e-001  1.0000000e+000
  3.8315508e-001  4.0985063e-001  1.0000000e+000
  5.1985510e-001  3.5170600e-001  1.0000000e+000
  7.7943596e-001  1.5668960e-001  1.0000000e+000
  2.7506826e-001  5.8377397e-001  1.0000000e+000
  3.0611616e-001  3.9884076e-001  1.0000000e+000
  6.6378841e-001  2.2739173e-001  1.0000000e+000
  6.9352366e-001  1.8967581e-001  1.0000000e+000
  3.9277114e-001  4.2682737e-001  1.0000000e+000
  5.6739941e-001  6.4180536e-001  1.0000000e+000
  3.6618022e-001  1.6236487e-001  1.0000000e+000
  8.0260322e-001  5.9960981e-001  1.0000000e+000
  7.1241696e-002  3.5315360e-001  1.0000000e+000
  5.6250079e-001  3.3993081e-001  1.0000000e+000
  2.2737768e-001  4.2512592e-001  1.0000000e+000
  1.8366942e-001  3.2489616e-001  1.0000000e+000
  5.1930966e-001  3.0646238e-001  1.0000000e+000
  1.7793847e-001  2.0892870e-001  1.0000000e+000
  7.3724419e-001  2.9498067e-001  1.0000000e+000
  2.9826666e-001  1.9680529e-001  1.0000000e+000
  1.7799887e-001  5.2794608e-001  1.0000000e+000
  1.5157404e-001  1.2611543e-001  1.0000000e+000
 -9.7040395e-003  5.0969443e-001  1.0000000e+000
  3.8288896e-001  3.4264765e-001  1.0000000e+000
  4.5722990e-001  5.0443343e-001  1.0000000e+000
  2.3678708e-001  4.4171009e-001  1.0000000e+000
  3.9091870e-001 -1.1084550e-001  1.0000000e+000
  1.9317036e-001  2.2419267e-001  1.0000000e+000
  1.7420907e-001  3.5786066e-001  1.0000000e+000
  6.5857078e-002  4.0613349e-001  1.0000000e+000
  7.4821914e-001  4.7175958e-001  1.0000000e+000
  1.1408834e-002  4.1791246e-001  1.0000000e+000
  6.4799127e-001  4.1031681e-001  1.0000000e+000
  3.5957732e-001  1.2592669e-001  1.0000000e+000
  8.8101419e-002 -4.3380084e-001  2.0000000e+000
  5.8267848e-001 -2.6657732e-001  2.0000000e+000
  2.9424377e-001 -2.9975622e-001  2.0000000e+000
  3.9836525e-001 -2.7583856e-001  2.0000000e+000
  3.6646710e-001 -4.8916445e-001  2.0000000e+000
  4.1703306e-001 -4.4909886e-002  2.0000000e+000
  1.7546415e-001 -1.5901641e-001  2.0000000e+000
  5.0379750e-001 -3.2694775e-001  2.0000000e+000
  1.7733924e-001 -3.0764772e-001  2.0000000e+000
  5.5105682e-001 -5.3551784e-001  2.0000000e+000
  2.3034649e-001 -1.5369691e-001  2.0000000e+000
  3.2283716e-001 -2.9342180e-001  2.0000000e+000
  1.4728692e-001 -5.3268115e-001  2.0000000e+000
  5.6804488e-001 -6.2043740e-001  2.0000000e+000
  1.4124173e-001 -5.4136014e-001  2.0000000e+000
  3.8692601e-001 -3.5986228e-001  2.0000000e+000
  2.1667545e-001 -3.9550098e-001  2.0000000e+000
  2.0734155e-001 -1.0578645e-001  2.0000000e+000
  3.7489979e-001 -3.0220223e-001  2.0000000e+000
  2.1690665e-001 -1.8240449e-001  2.0000000e+000
  2.7051785e-001 -1.5434144e-001  2.0000000e+000
  6.2152114e-001 -2.6571196e-001  2.0000000e+000
  2.2444851e-001 -2.0068445e-001  2.0000000e+000
  6.6253422e-002  1.3327133e-001  2.0000000e+000
  4.9325381e-001 -3.5169901e-001  2.0000000e+000
  5.9675435e-001 -3.3432347e-001  2.0000000e+000
  2.0919776e-001 -4.3101416e-001  2.0000000e+000
  4.4855563e-001 -3.6369614e-002  2.0000000e+000
  7.1325683e-002 -4.2906453e-001  2.0000000e+000
  3.4068586e-001 -2.1141782e-001  2.0000000e+000
  7.4684138e-001 -3.0635196e-001  2.0000000e+000
  4.8325084e-001 -3.4129280e-001  2.0000000e+000
  6.3734750e-002 -4.4475692e-001  2.0000000e+000
  5.5622628e-001 -4.5144665e-001  2.0000000e+000
  4.5664860e-001 -3.8249296e-001  2.0000000e+000
  7.7300009e-001 -1.4234637e-001  2.0000000e+000
  3.6624817e-001 -2.1093560e-001  2.0000000e+000
  3.5482213e-001 -5.2202610e-001  2.0000000e+000
  4.2942636e-001 -6.5338963e-001  2.0000000e+000
  4.0717636e-001 -5.7668392e-002  2.0000000e+000
  4.6005621e-001 -3.0969276e-001  2.0000000e+000
  6.3731829e-001 -2.8097782e-001  2.0000000e+000
 -6.9611452e-002 -4.5252904e-001  2.0000000e+000
  4.3462885e-001 -2.2062536e-002  2.0000000e+000
  4.6753768e-001 -4.8488488e-001  2.0000000e+000
  2.3502429e-001 -4.6803742e-001  2.0000000e+000
  4.6787363e-001 -6.2863606e-001  2.0000000e+000
 -2.2421967e-002 -3.5603407e-001  2.0000000e+000
  2.6991390e-001 -1.3229904e-001  2.0000000e+000
  6.3029733e-001 -2.9543456e-001  2.0000000e+000
  2.9848370e-001 -2.8651239e-001  2.0000000e+000
  6.2941028e-001 -2.3660134e-001  2.0000000e+000
  1.3947139e-001 -4.2956751e-001  2.0000000e+000
  2.5321743e-001 -4.4104922e-001  2.0000000e+000
  4.3256314e-001 -4.9257867e-001  2.0000000e+000
  3.7173942e-001 -2.0053535e-001  2.0000000e+000
  1.6324638e-001 -2.6476121e-001  2.0000000e+000
  4.5163862e-001 -3.7074127e-001  2.0000000e+000
  3.5005468e-001 -1.2295476e-001  2.0000000e+000
  3.7026445e-001 -2.8341213e-001  2.0000000e+000
  5.4684236e-001 -5.7440297e-001  2.0000000e+000
  2.7118598e-001 -3.4962122e-001  2.0000000e+000
  1.8840007e-001 -4.7999758e-001  2.0000000e+000
  5.8561992e-001 -4.2726399e-001  2.0000000e+000
  3.4671595e-001 -1.6996589e-001  2.0000000e+000
  1.4917333e-001 -3.2401148e-001  2.0000000e+000
  3.5587811e-001 -2.5154153e-001  2.0000000e+000
  3.2330428e-001 -1.4791878e-001  2.0000000e+000
  3.3187758e-001 -6.6621325e-001  2.0000000e+000
  1.8007590e-001 -2.1031750e-001  2.0000000e+000
  5.7161859e-001 -2.2913355e-001  2.0000000e+000
  5.4038290e-001 -2.7528528e-001  2.0000000e+000
  2.3811012e-001 -4.7130066e-001  2.0000000e+000
 -1.0695843e-002 -4.5092763e-001  2.0000000e+000
  1.7204521e-001 -4.8218408e-001  2.0000000e+000
  2.0483986e-001 -1.5246824e-001  2.0000000e+000
  2.6032992e-001 -2.3669023e-001  2.0000000e+000
  5.4983382e-001  6.1565128e-002  2.0000000e+000
  2.8012637e-001 -3.5255266e-001  2.0000000e+000
  4.2087760e-001 -3.1806604e-001  2.0000000e+000
  5.9952494e-002 -1.3957573e-001  2.0000000e+000
  3.7130722e-001 -3.2441880e-001  2.0000000e+000
  6.2912717e-001 -2.8702254e-001  2.0000000e+000
  4.1807299e-001 -3.3157492e-001  2.0000000e+000
  4.7151339e-001 -3.9049109e-001  2.0000000e+000
  3.3973463e-001 -2.1717236e-001  2.0000000e+000
  4.9045675e-001 -6.3810868e-001  2.0000000e+000
  2.3708623e-001 -2.3035646e-001  2.0000000e+000
  7.5096524e-001 -3.2914363e-001  2.0000000e+000
  5.2374588e-001 -5.5808775e-001  2.0000000e+000
  3.5063315e-001 -2.2269098e-001  2.0000000e+000
  2.8690574e-001 -2.5641166e-001  2.0000000e+000
  4.4022863e-001 -4.8497075e-001  2.0000000e+000
  5.7107126e-001 -5.2985955e-001  2.0000000e+000
  1.5665668e-001 -4.2759522e-001  2.0000000e+000
  6.2160607e-001 -1.2330486e-001  2.0000000e+000
  9.8549805e-002 -5.2516760e-001  2.0000000e+000
  3.6610284e-001 -6.6884336e-002  2.0000000e+000
  9.7564564e-003 -2.8208532e-001  2.0000000e+000
  1.7423926e-001 -5.7113974e-001  2.0000000e+000
  5.4498804e-001 -3.2684751e-001  2.0000000e+000
  6.6119330e-001 -6.5921401e-001  2.0000000e+000
  1.7434779e-001 -5.3532722e-001  2.0000000e+000
  3.4215894e-001 -4.2131789e-001  2.0000000e+000
  5.4072545e-001 -3.8621737e-001  2.0000000e+000
  4.6081587e-001 -1.2399375e-001  2.0000000e+000
  2.5033356e-001 -3.3688838e-001  2.0000000e+000
  5.7759206e-001 -4.7438742e-001  2.0000000e+000
  2.5945797e-001 -3.0969304e-001  2.0000000e+000
  4.6816239e-001 -5.2198457e-001  2.0000000e+000
  1.4166166e-001 -9.4180178e-002  2.0000000e+000
  4.8667355e-001 -6.5946314e-001  2.0000000e+000
  2.6298920e-001 -4.1356710e-001  2.0000000e+000
  1.1180940e-001 -1.6949594e-001  2.0000000e+000
  5.6478448e-001 -3.2807794e-001  2.0000000e+000
  2.7772282e-001 -1.1679633e-001  2.0000000e+000
  1.7495551e-001 -3.6643829e-001  2.0000000e+000
  3.1527265e-001 -2.0899729e-001  2.0000000e+000
  3.6279526e-001 -7.6114333e-001  2.0000000e+000
  1.0646631e-001 -4.0547073e-001  2.0000000e+000
  2.2102575e-002 -2.9844895e-001  2.0000000e+000
  3.2202843e-001 -7.3418816e-001  2.0000000e+000
  2.7923459e-001 -4.1584457e-001  2.0000000e+000
  4.2154383e-001 -8.5757865e-002  2.0000000e+000
  4.6444242e-001 -4.7992586e-001  2.0000000e+000
  2.5272012e-001 -2.2583437e-001  2.0000000e+000
  3.7009459e-001 -7.0221734e-001  2.0000000e+000
  2.3413535e-001 -4.3851639e-001  2.0000000e+000
  7.2558034e-001 -1.7595729e-001  2.0000000e+000
 -2.5873936e-002 -6.4855046e-001  2.0000000e+000
  2.0344888e-001 -5.9134951e-001  2.0000000e+000
  2.9225072e-001 -2.7172856e-001  2.0000000e+000
 -1.0968093e-004 -2.6528948e-001  2.0000000e+000
  4.2095875e-001 -4.0732231e-002  2.0000000e+000
  5.7143457e-001 -5.8375103e-001  2.0000000e+000
  5.5153998e-001 -4.8561151e-001  2.0000000e+000
  6.9704447e-002 -2.3092494e-001  2.0000000e+000
  3.4921386e-001 -1.3810360e-001  2.0000000e+000
  1.5546765e-001 -4.5986235e-001  2.0000000e+000
  1.4701608e-001 -2.5319947e-001  2.0000000e+000
  1.3280337e-001 -4.1920319e-002  2.0000000e+000
  4.5133947e-001 -4.1029518e-001  2.0000000e+000
  8.6281921e-001 -6.5084737e-001  2.0000000e+000
  6.5368164e-001 -2.2184639e-001  2.0000000e+000
  1.5919234e-001 -2.9237894e-001  2.0000000e+000
  3.2667038e-001 -3.7557346e-001  2.0000000e+000
  4.0675170e-001 -4.2814728e-001  2.0000000e+000
  2.6535594e-001 -4.2790758e-001  2.0000000e+000
 -5.1717459e-002 -2.0069671e-001  2.0000000e+000
  5.7581229e-001 -1.8315660e-001  2.0000000e+000
  4.4052211e-001 -3.6965953e-001  2.0000000e+000
  3.5306312e-001 -2.1888042e-001  2.0000000e+000
  3.5801553e-001 -2.4204550e-001  2.0000000e+000
  5.8893599e-001 -3.0083532e-001  2.0000000e+000
  5.0233575e-001 -4.7625401e-001  2.0000000e+000
  3.7107130e-001 -1.0587422e-001  2.0000000e+000
  3.9195863e-001 -1.5918344e-001  2.0000000e+000
  6.6554365e-001 -2.3960063e-001  2.0000000e+000
  4.7276187e-001 -1.3591710e-001  2.0000000e+000
  1.7882270e-001 -2.8569790e-001  2.0000000e+000
 -1.7890145e-001 -6.6978224e-001  2.0000000e+000
  2.1970276e-001 -2.1069308e-001  2.0000000e+000
  5.7893680e-001 -1.9734949e-001  2.0000000e+000
  3.1375145e-001 -4.7261048e-001  2.0000000e+000
  1.7164132e-001 -2.3658114e-001  2.0000000e+000
  3.6293398e-001 -6.0945017e-001  2.0000000e+000
  2.0266752e-001 -4.8295317e-001  2.0000000e+000
  4.8004422e-001 -5.7016869e-001  2.0000000e+000
  2.6644966e-001 -2.0210657e-001  2.0000000e+000
  3.8223877e-001 -2.1936263e-001  2.0000000e+000
  5.7155630e-001 -3.2762896e-001  2.0000000e+000
  2.8863078e-001 -4.7028526e-001  2.0000000e+000
  6.9570445e-002 -3.2690776e-001  2.0000000e+000
  5.4769545e-001 -2.7362865e-001  2.0000000e+000
  5.7884243e-001 -2.4488238e-001  2.0000000e+000
  1.3808891e-001 -4.3759914e-001  2.0000000e+000
  2.2341330e-001 -5.2369546e-001  2.0000000e+000
  4.1833345e-001 -1.9705412e-001  2.0000000e+000
  2.8039437e-001 -5.6107165e-001  2.0000000e+000
  3.6984829e-001 -6.6732679e-001  2.0000000e+000
  3.9102817e-001 -4.3820781e-001  2.0000000e+000
  4.2211948e-001 -5.6334308e-001  2.0000000e+000
  2.9950571e-001 -4.3987340e-001  2.0000000e+000
  3.0457231e-001 -1.4355710e-001  2.0000000e+000
  4.5676557e-002 -3.1861331e-001  2.0000000e+000
  2.8655941e-001 -1.7756437e-001  2.0000000e+000
  3.3545506e-001 -1.2192332e-001  2.0000000e+000
  3.9561821e-001  6.4715120e-002  2.0000000e+000
  2.9141179e-001 -2.9164938e-001  2.0000000e+000
 -4.7438830e-002 -3.3445823e-001  2.0000000e+000
  5.9154054e-001 -3.7766993e-001  2.0000000e+000
  2.1711237e-001 -2.6981950e-001  2.0000000e+000
  3.2929191e-001 -3.9748628e-001  2.0000000e+000
  9.1854421e-002 -3.6677584e-001  2.0000000e+000
  5.4672912e-001 -2.0393824e-001  2.0000000e+000
  4.8909314e-001 -6.4694527e-001  2.0000000e+000
  3.0096086e-001 -2.7929685e-001  2.0000000e+000
  3.6823744e-001 -5.3520737e-001  2.0000000e+000
  4.6014681e-001 -3.4133508e-001  2.0000000e+000
  2.4645505e-001 -6.4475122e-001  2.0000000e+000
  4.0598355e-001 -5.1307344e-001  2.0000000e+000
 -7.8226274e-002 -2.0470923e-001  2.0000000e+000
  5.2252095e-002 -5.0374803e-001  2.0000000e+000
  2.6688187e-001 -2.2769294e-001  2.0000000e+000
  1.4027540e-001 -3.2189848e-001  2.0000000e+000
  6.6260882e-001 -4.0918617e-001  2.0000000e+000
  2.8005748e-001 -3.3287540e-001  2.0000000e+000
  5.4264013e-002 -6.8554824e-001  2.0000000e+000
  1.7614832e-001 -4.6344455e-001  2.0000000e+000
  5.1427043e-001 -1.1639904e-001  2.0000000e+000
  2.0111139e-001 -5.5000044e-001  2.0000000e+000
  4.8422565e-001 -4.4587046e-001  2.0000000e+000
  2.2161371e-001 -3.4529022e-001  2.0000000e+000
  1.2588528e-001 -6.6242439e-001  2.0000000e+000
  1.0752700e-001 -3.2040122e-001  2.0000000e+000
  1.5767774e-001 -2.2642907e-001  2.0000000e+000
  4.6079700e-001 -2.4360446e-001  2.0000000e+000
  3.4288840e-001 -2.7925391e-001  2.0000000e+000
  4.6478498e-001 -3.7127468e-003  2.0000000e+000
  2.5899179e-001 -5.6070362e-001  2.0000000e+000
  6.4451854e-001 -3.2810331e-001  2.0000000e+000
  2.1633195e-001  2.7695637e-002  2.0000000e+000
  2.6013552e-001 -1.9094099e-001  2.0000000e+000
  1.8314568e-001 -5.5730827e-001  2.0000000e+000
  3.2200673e-001 -1.5312976e-001  2.0000000e+000
  4.1359242e-001 -4.6569899e-001  2.0000000e+000
  3.7250569e-001 -2.0992776e-001  2.0000000e+000
  1.5010568e-001 -6.8772633e-002  2.0000000e+000
  1.9970532e-001 -4.4354241e-001  2.0000000e+000
  2.6207667e-001 -2.1729032e-001  2.0000000e+000
  2.3030874e-001 -2.4763773e-001  2.0000000e+000
  3.9412909e-001 -1.4978537e-001  2.0000000e+000
  9.8689379e-001 -3.3914528e-001  2.0000000e+000
  1.6461188e-001 -2.2187470e-001  2.0000000e+000
  4.7802098e-001 -2.9656499e-001  2.0000000e+000
  3.1258412e-001 -1.5034686e-001  2.0000000e+000
  5.3543803e-001 -1.2908300e-001  2.0000000e+000
  2.6761982e-001 -2.5116415e-001  2.0000000e+000
  6.7126233e-001 -8.3953556e-002  2.0000000e+000
  6.0795107e-001 -1.6856264e-001  2.0000000e+000
  4.1070382e-001 -4.4442098e-001  2.0000000e+000
  2.0061974e-001 -2.9467141e-001  2.0000000e+000
  2.6924295e-001 -2.8999955e-001  2.0000000e+000
  2.4110723e-001 -6.6877156e-001  2.0000000e+000
  5.4555991e-001 -2.0228492e-001  2.0000000e+000
  4.4870945e-001 -1.6377820e-001  2.0000000e+000
  3.4056224e-001 -3.3750470e-001  2.0000000e+000
  6.9590172e-001 -4.4564115e-001  2.0000000e+000
  2.0686405e-001 -5.6949585e-001  2.0000000e+000
 -6.8351644e-002 -6.1506033e-001  2.0000000e+000
 -4.0998611e-001  3.7959919e-001  3.0000000e+000
 -4.6255833e-001  4.2038583e-001  3.0000000e+000
 -7.1734724e-002  5.6942821e-001  3.0000000e+000
 -6.8817721e-001  6.0939479e-001  3.0000000e+000
 -5.6967504e-001  1.5546094e-001  3.0000000e+000
 -5.8328852e-001  4.1155397e-001  3.0000000e+000
 -1.4190084e-001  4.3965948e-001  3.0000000e+000
 -4.0725860e-001  9.7516289e-003  3.0000000e+000
 -3.0766620e-001  5.2851983e-001  3.0000000e+000
 -4.4263637e-001  5.2038157e-001  3.0000000e+000
 -1.6836908e-001  4.6037884e-001  3.0000000e+000
 -5.6709314e-001  3.1819888e-001  3.0000000e+000
 -5.2065388e-001  4.7588250e-001  3.0000000e+000
 -2.6294065e-001  3.3654301e-001  3.0000000e+000
 -3.3805994e-001  4.0349402e-001  3.0000000e+000
  6.7254663e-002  2.4737974e-001  3.0000000e+000
 -3.6468993e-001  3.6109370e-001  3.0000000e+000
 -8.2260676e-001  3.9899835e-001  3.0000000e+000
 -5.0645438e-001  6.1259480e-001  3.0000000e+000
 -4.4512579e-001  1.2775460e-001  3.0000000e+000
 -5.4664273e-001  4.2876096e-001  3.0000000e+000
 -1.8551096e-001  8.6071462e-002  3.0000000e+000
 -2.4125006e-001  3.9922106e-001  3.0000000e+000
 -1.6800860e-001  2.9439370e-001  3.0000000e+000
 -2.6682332e-001  4.2756155e-001  3.0000000e+000
 -4.8587846e-001  1.5569780e-001  3.0000000e+000
 -1.1667732e-001  3.2896435e-001  3.0000000e+000
 -9.4391452e-002  2.7404804e-001  3.0000000e+000
 -2.3606022e-001 -1.6129162e-001  3.0000000e+000
 -4.9469995e-001  7.9714394e-001  3.0000000e+000
 -1.3873387e-001  5.2441767e-001  3.0000000e+000
 -3.3761132e-001  3.3930893e-001  3.0000000e+000
 -2.9295174e-001  2.3256119e-001  3.0000000e+000
 -1.1891383e-001  2.4330589e-001  3.0000000e+000
 -1.3325110e-001  5.9149136e-001  3.0000000e+000
 -4.6071627e-001  4.0128488e-001  3.0000000e+000
 -2.2931831e-001  4.3570359e-001  3.0000000e+000
 -5.4444868e-001  2.6665150e-001  3.0000000e+000
 -3.8415788e-001  3.8605488e-001  3.0000000e+000
 -6.0158924e-001  6.5652191e-002  3.0000000e+000
 -6.6995581e-002  4.4530361e-001  3.0000000e+000
 -3.0546262e-001  4.5870193e-001  3.0000000e+000
 -3.5065066e-001  1.1860565e-001  3.0000000e+000
 -5.4459495e-001  3.0978695e-001  3.0000000e+000
 -4.3093007e-001  4.9061990e-001  3.0000000e+000
 -3.6646762e-001  1.1133462e-001  3.0000000e+000
 -5.5990233e-001  3.5545429e-001  3.0000000e+000
  6.1783227e-002  6.4201297e-001  3.0000000e+000
 -4.5134085e-001  2.2018487e-001  3.0000000e+000
 -5.3889326e-001  1.6329997e-002  3.0000000e+000
 -2.7978207e-001  3.7619158e-001  3.0000000e+000
 -4.2474333e-001  5.5261378e-001  3.0000000e+000
 -9.5093547e-002  2.9847605e-001  3.0000000e+000
 -6.0396353e-001  6.5099677e-001  3.0000000e+000
 -2.7516221e-001  5.9406760e-001  3.0000000e+000
 -2.1583978e-001  1.4849943e-001  3.0000000e+000
 -1.5527179e-001  2.0265797e-001  3.0000000e+000
 -1.8173909e-001  6.0899939e-001  3.0000000e+000
  4.0421223e-002  2.4681637e-001  3.0000000e+000
 -5.0502566e-001 -4.4537134e-002  3.0000000e+000
 -1.2278290e-001  2.9179010e-001  3.0000000e+000
 -5.7438493e-001  4.7428580e-001  3.0000000e+000
 -3.8510759e-001  1.5917336e-001  3.0000000e+000
 -6.9699587e-001  1.6346992e-001  3.0000000e+000
 -2.6616189e-001  4.4186674e-001  3.0000000e+000
 -3.7740540e-001  2.5078547e-001  3.0000000e+000
  7.1093539e-002  1.4697162e-001  3.0000000e+000
 -1.5811698e-001  3.6364162e-001  3.0000000e+000
 -2.8173982e-001  3.0503365e-001  3.0000000e+000
 -1.0385653e-001  1.1972108e-001  3.0000000e+000
 -4.9259838e-001  5.1629828e-001  3.0000000e+000
 -2.9734738e-001  3.2115542e-001  3.0000000e+000
 -4.1173762e-002  3.6629335e-001  3.0000000e+000
 -2.1633710e-001  2.7133119e-001  3.0000000e+000
 -1.9210726e-001  1.9122344e-001  3.0000000e+000
 -5.8766246e-001  2.9988873e-001  3.0000000e+000
 -2.4688391e-001  7.4253338e-001  3.0000000e+000
 -4.1521399e-001  6.1030166e-001  3.0000000e+000
 -4.3343081e-001  4.6773574e-001  3.0000000e+000
 -5.1903925e-001  2.0134154e-001  3.0000000e+000
 -3.0089768e-001  2.5644470e-001  3.0000000e+000
 -2.7307923e-001  1.7794214e-001  3.0000000e+000
 -4.0831656e-001  6.3414271e-001  3.0000000e+000
 -4.5372174e-001  3.7615949e-001  3.0000000e+000
  6.2484378e-002  3.1325119e-001  3.0000000e+000
 -2.6153628e-001  6.2031785e-001  3.0000000e+000
  3.8703732e-002  5.0839687e-001  3.0000000e+000
 -1.7706506e-001  2.1522302e-001  3.0000000e+000
 -3.3274765e-001  3.1067967e-001  3.0000000e+000
 -2.1538304e-001  2.9788530e-001  3.0000000e+000
 -2.1772902e-001  3.9713648e-001  3.0000000e+000
 -2.0754491e-002  6.3694924e-003  3.0000000e+000
 -2.1261052e-001  7.1521395e-001  3.0000000e+000
 -3.3902476e-001  5.1235371e-001  3.0000000e+000
 -6.4288169e-001  8.0905777e-002  3.0000000e+000
 -6.0677663e-001  3.0162415e-001  3.0000000e+000
 -4.7669838e-001  2.2777769e-001  3.0000000e+000
 -7.0614764e-001  2.3079180e-001  3.0000000e+000
 -6.5156257e-001  2.6796982e-001  3.0000000e+000
 -3.6080406e-001  4.3021705e-001  3.0000000e+000
 -2.5649166e-001  6.8627139e-001  3.0000000e+000
 -2.2624858e-002  3.8352961e-001  3.0000000e+000
 -4.7519699e-001  3.3263713e-001  3.0000000e+000
 -2.6507676e-001  4.5345509e-001  3.0000000e+000
 -4.5639423e-001  3.5282520e-001  3.0000000e+000
 -5.5219815e-001  4.8585339e-001  3.0000000e+000
 -2.4587077e-001  2.0685450e-001  3.0000000e+000
 -3.0645622e-001  3.7151189e-001  3.0000000e+000
 -5.6795378e-001  5.7385688e-001  3.0000000e+000
 -4.2370344e-002  3.2520379e-001  3.0000000e+000
 -5.4777609e-001  4.7766511e-001  3.0000000e+000
 -7.0735366e-001  4.4939067e-001  3.0000000e+000
 -2.4314449e-001  2.2780412e-001  3.0000000e+000
 -2.3831561e-001  3.7141941e-001  3.0000000e+000
 -3.3400628e-001  5.3608812e-001  3.0000000e+000
 -4.3919667e-001  5.6035381e-001  3.0000000e+000
 -6.8650408e-001  1.9139322e-002  3.0000000e+000
 -4.2426771e-001 -5.4340127e-003  3.0000000e+000
 -3.0042169e-001  5.7174399e-001  3.0000000e+000
  1.2949201e-001  4.4794590e-001  3.0000000e+000
 -1.3521112e-001  4.1383200e-001  3.0000000e+000
 -5.8470498e-001  3.9436112e-001  3.0000000e+000
 -5.5084398e-001  6.9309417e-001  3.0000000e+000
 -1.3707488e-001  2.9091154e-001  3.0000000e+000
 -3.1940481e-001  2.4633887e-001  3.0000000e+000
 -4.8285964e-001  2.6035529e-001  3.0000000e+000
  5.4994418e-002  1.4561839e-001  3.0000000e+000
 -3.2373903e-001  6.5032676e-001  3.0000000e+000
 -7.0782361e-001  1.9701007e-001  3.0000000e+000
 -3.0362793e-001  3.9819339e-001  3.0000000e+000
 -1.9508834e-001  4.1913924e-001  3.0000000e+000
 -4.8744874e-001  1.1136105e-001  3.0000000e+000
 -4.3906739e-001  3.0459013e-001  3.0000000e+000
 -3.3999863e-001  4.1644221e-001  3.0000000e+000
 -4.1892084e-001  2.7102450e-001  3.0000000e+000
 -4.5005178e-001  3.8663996e-001  3.0000000e+000
 -5.7995357e-001  6.0613250e-001  3.0000000e+000
 -3.4304057e-001  2.4290577e-001  3.0000000e+000
 -3.4715670e-001  4.6919467e-001  3.0000000e+000
 -4.5235435e-001  2.2977546e-001  3.0000000e+000
 -2.9471254e-001  5.8411653e-001  3.0000000e+000
 -6.0294907e-001  1.6760133e-001  3.0000000e+000
 -7.2494384e-002  3.0525825e-001  3.0000000e+000
 -1.4545190e-001  4.2188817e-001  3.0000000e+000
 -7.3807316e-001  3.5574211e-001  3.0000000e+000
 -3.2270012e-001  3.3669400e-001  3.0000000e+000
 -4.0532048e-001  5.1365693e-001  3.0000000e+000
 -3.5656393e-001  3.4029035e-001  3.0000000e+000
 -6.9529725e-001  3.2227274e-001  3.0000000e+000
 -7.4503471e-002  1.6769570e-001  3.0000000e+000
 -1.3714566e-001  4.3681996e-001  3.0000000e+000
 -4.1790926e-002  2.3887344e-001  3.0000000e+000
 -3.0881314e-001  4.7184451e-001  3.0000000e+000
 -1.7226269e-001  2.3404276e-001  3.0000000e+000
 -3.5607114e-001  3.6276487e-002  3.0000000e+000
 -1.2283480e-001  7.0397476e-001  3.0000000e+000
 -3.8560340e-001  2.8529194e-001  3.0000000e+000
 -4.1889470e-001  6.4642937e-001  3.0000000e+000
 -3.8431585e-001  5.4242868e-001  3.0000000e+000
 -5.2843638e-001  5.6708223e-001  3.0000000e+000
 -3.9601715e-001  4.5368912e-001  3.0000000e+000
 -6.0341997e-001  1.3351008e-001  3.0000000e+000
 -2.6670583e-001  4.2515140e-001  3.0000000e+000
 -4.5845711e-001  5.2220286e-001  3.0000000e+000
 -4.3381300e-001  5.5879203e-001  3.0000000e+000
 -5.2532508e-001  1.3583435e-001  3.0000000e+000
 -5.5289270e-001  4.9777108e-001  3.0000000e+000
 -2.6814531e-001  4.7077249e-001  3.0000000e+000
 -4.1872465e-001  4.3363128e-001  3.0000000e+000
 -3.0429831e-001  4.8428028e-001  3.0000000e+000
 -9.1114720e-001  3.8116192e-001  3.0000000e+000
 -4.5180514e-001  3.3613723e-001  3.0000000e+000
 -3.8462792e-001  2.2238081e-001  3.0000000e+000
 -3.5265871e-001  7.0575831e-001  3.0000000e+000
 -3.8396272e-001  4.6469805e-001  3.0000000e+000
 -3.5096859e-001  3.0794773e-001  3.0000000e+000
 -1.7255240e-001  3.9666369e-001  3.0000000e+000
 -5.8795122e-001  2.2633764e-001  3.0000000e+000
 -4.2460838e-001  6.1836538e-001  3.0000000e+000
 -5.7739903e-001  2.2123896e-001  3.0000000e+000
 -7.5038535e-002  5.8326816e-001  3.0000000e+000
 -4.1235870e-001 -4.8870496e-002  3.0000000e+000
 -1.4934268e-001 -6.1104318e-002  3.0000000e+000
 -1.1916107e-001  1.8918416e-001  3.0000000e+000
 -3.4531351e-001  8.3214954e-002  3.0000000e+000
 -4.1992303e-001  1.2381655e-002  3.0000000e+000
 -5.9284513e-001  1.9494530e-001  3.0000000e+000
 -5.7403105e-001  3.4915525e-001  3.0000000e+000
 -3.5583975e-001  6.4135239e-001  3.0000000e+000
 -5.6340997e-001  1.7358896e-001  3.0000000e+000
 -1.8564685e-001  6.1076123e-001  3.0000000e+000
 -6.2126583e-001  4.0971946e-001  3.0000000e+000
 -3.3379004e-001  3.0572159e-001  3.0000000e+000
 -6.3324958e-001  4.2359245e-001  3.0000000e+000
 -3.0959791e-001  8.2191065e-002  3.0000000e+000
 -2.8968850e-001  5.3122158e-001  3.0000000e+000
  7.4179361e-002  3.0048513e-001  3.0000000e+000
 -2.4776690e-001  5.9384583e-001  3.0000000e+000
 -1.9339444e-001  2.9158155e-001  3.0000000e+000
 -4.3384508e-001  4.6039488e-001  3.0000000e+000
 -1.5549545e-001  3.6132490e-001  3.0000000e+000
 -3.5955359e-001  1.5000743e-001  3.0000000e+000
 -5.0043184e-001  5.1025206e-002  3.0000000e+000
 -5.8450590e-002  4.3056802e-002  3.0000000e+000
 -1.0404526e-001  2.6332024e-002  3.0000000e+000
 -1.5118379e-001  1.9123005e-001  3.0000000e+000
  4.4466764e-002  2.8633848e-001  3.0000000e+000
 -3.9464061e-001  1.4613081e-001  3.0000000e+000
 -4.7727779e-001  5.4623641e-001  3.0000000e+000
 -8.5668952e-001  2.7248059e-001  3.0000000e+000
 -1.4975034e-001  4.0756410e-001  3.0000000e+000
 -3.7898615e-001  3.3089605e-001  3.0000000e+000
 -1.5934565e-001  4.4945673e-001  3.0000000e+000
 -3.5039417e-001  2.6553702e-001  3.0000000e+000
 -4.0504587e-001  5.3022977e-001  3.0000000e+000
 -4.0481354e-001  3.0114948e-001  3.0000000e+000
 -2.0913590e-001  6.5350695e-001  3.0000000e+000
 -2.6545517e-001  2.4222821e-001  3.0000000e+000
 -2.8496002e-001  3.7744195e-001  3.0000000e+000
 -3.7662262e-001  1.8584166e-001  3.0000000e+000
 -2.6534024e-001  3.6155232e-001  3.0000000e+000
 -2.7625706e-001  4.3673597e-001  3.0000000e+000
 -4.7574621e-001  4.8296008e-001  3.0000000e+000
 -4.8474794e-001  5.2957297e-001  3.0000000e+000
 -5.0094709e-001  4.2878927e-001  3.0000000e+000
 -3.4599494e-001  1.7999935e-001  3.0000000e+000
 -4.3113956e-001  6.4614627e-001  3.0000000e+000
 -4.6251681e-001  3.3924948e-001  3.0000000e+000
 -4.3791516e-001  6.5067592e-001  3.0000000e+000
  2.9786843e-001  3.1823569e-001  3.0000000e+000
 -4.4800872e-001  4.8175311e-001  3.0000000e+000
  2.9185811e-002 -1.3293225e-001  3.0000000e+000
 -3.3845742e-001  3.4961954e-001  3.0000000e+000
 -2.8971729e-001  1.2472634e-001  3.0000000e+000
 -1.2382661e-001  2.6429892e-001  3.0000000e+000
 -4.4323655e-001  4.2540997e-001  3.0000000e+000
 -2.4450773e-001  4.8849757e-001  3.0000000e+000
 -3.9371590e-001  6.4287171e-001  3.0000000e+000
 -5.6031377e-001  2.1764166e-001  3.0000000e+000
 -1.0980169e-001  3.4676114e-001  3.0000000e+000
 -9.6071097e-001  2.6616740e-001  3.0000000e+000
 -6.5635550e-001  3.8631439e-001  3.0000000e+000
 -4.6346709e-001  3.7964638e-001  3.0000000e+000
 -5.2852414e-001  7.4674218e-001  3.0000000e+000
 -2.9641456e-001  2.8200323e-001  3.0000000e+000
 -3.5329220e-001  2.0524081e-001  3.0000000e+000
 -5.2516466e-001  6.2354522e-001  3.0000000e+000
 -3.0647066e-001  2.2987643e-001  3.0000000e+000
 -5.1232877e-001  9.2052484e-002  3.0000000e+000
 -3.1932930e-001  3.3320995e-001  3.0000000e+000
 -4.9174718e-001 -2.7758813e-001  4.0000000e+000
  1.0979461e-002 -4.8331177e-001  4.0000000e+000
 -2.6726835e-001 -5.1716805e-001  4.0000000e+000
 -3.7135407e-001 -2.8274758e-002  4.0000000e+000
 -1.4591430e-001 -5.1582622e-002  4.0000000e+000
 -4.2571720e-001 -2.2260228e-001  4.0000000e+000
 -2.2445649e-001 -4.8716952e-001  4.0000000e+000
 -4.2075676e-001 -3.0107077e-001  4.0000000e+000
 -1.6587872e-001 -5.2083801e-001  4.0000000e+000
 -2.9892153e-001 -2.4906391e-001  4.0000000e+000
 -4.8380237e-001 -1.7686133e-001  4.0000000e+000
 -2.3827644e-001 -2.0362400e-001  4.0000000e+000
 -3.1477812e-001 -2.3446910e-001  4.0000000e+000
 -5.0905044e-001 -3.8239643e-001  4.0000000e+000
 -2.6938087e-001 -2.9538672e-001  4.0000000e+000
 -4.1962416e-001 -4.0765732e-001  4.0000000e+000
 -1.7669891e-001 -1.4878130e-001  4.0000000e+000
 -7.1771712e-001 -5.9408240e-001  4.0000000e+000
 -5.0153122e-001 -5.0633276e-001  4.0000000e+000
 -3.4732288e-001 -1.2703522e-001  4.0000000e+000
  1.5530439e-001 -5.1251384e-001  4.0000000e+000
 -6.9460464e-002 -7.0725099e-002  4.0000000e+000
 -3.8287533e-001 -3.8609611e-001  4.0000000e+000
 -4.6313020e-001 -4.4484752e-001  4.0000000e+000
 -3.5821093e-001 -4.3587221e-001  4.0000000e+000
 -4.3138681e-001 -3.7693669e-001  4.0000000e+000
 -3.4341625e-001 -6.1096768e-002  4.0000000e+000
 -2.6292159e-001  3.9726568e-002  4.0000000e+000
 -1.3821579e-001 -3.2157429e-001  4.0000000e+000
 -4.8943329e-001 -6.4212214e-001  4.0000000e+000
 -3.6190240e-001 -2.8585927e-001  4.0000000e+000
 -5.5278701e-001 -1.7268368e-001  4.0000000e+000
 -5.3688889e-001 -3.8879729e-001  4.0000000e+000
 -3.3662867e-001 -5.6956380e-001  4.0000000e+000
 -6.1239339e-001 -3.0010784e-001  4.0000000e+000
 -2.9568047e-001 -4.2989496e-001  4.0000000e+000
 -3.0927828e-001 -4.4860241e-001  4.0000000e+000
 -1.9605938e-001 -1.8600933e-001  4.0000000e+000
 -4.8152717e-001 -2.4721289e-001  4.0000000e+000
 -1.7195033e-001 -2.6139870e-001  4.0000000e+000
 -2.2053835e-001 -1.3147521e-001  4.0000000e+000
 -4.1236474e-001 -4.9776606e-001  4.0000000e+000
 -2.2363266e-001 -3.6096676e-001  4.0000000e+000
 -5.3714368e-001 -3.0093261e-001  4.0000000e+000
 -5.7164733e-001 -1.4827832e-001  4.0000000e+000
 -3.6105545e-001 -2.3700268e-001  4.0000000e+000
 -5.1736045e-001 -5.0647053e-001  4.0000000e+000
 -3.2672538e-001 -1.7268462e-001  4.0000000e+000
 -5.6873892e-001 -5.6664123e-001  4.0000000e+000
 -2.4062950e-001 -2.2131604e-001  4.0000000e+000
 -3.6826684e-001 -2.1316362e-001  4.0000000e+000
 -3.9803417e-001  2.5907370e-002  4.0000000e+000
 -2.2626363e-001 -4.5366146e-001  4.0000000e+000
 -3.5441603e-001 -3.8122296e-001  4.0000000e+000
 -4.1123318e-001 -8.3738861e-001  4.0000000e+000
 -4.7042387e-001  5.8199034e-002  4.0000000e+000
 -2.4725481e-002 -4.4095493e-002  4.0000000e+000
 -3.8812538e-001 -5.1770689e-001  4.0000000e+000
 -3.0121296e-001 -4.6859325e-001  4.0000000e+000
 -2.0380696e-001 -4.5929049e-001  4.0000000e+000
 -7.1593829e-001 -2.6924357e-002  4.0000000e+000
 -5.0071400e-001 -4.6398905e-001  4.0000000e+000
 -2.1581430e-001 -9.2756170e-002  4.0000000e+000
 -1.0000000e+000 -1.5122070e-001  4.0000000e+000
 -3.2901023e-001 -3.5302421e-001  4.0000000e+000
 -5.6032793e-001 -5.0391789e-001  4.0000000e+000
 -3.9665140e-001 -2.4019193e-001  4.0000000e+000
 -6.2504526e-001 -4.0983248e-002  4.0000000e+000
 -4.8221138e-002 -3.0762233e-001  4.0000000e+000
 -6.9699681e-001 -5.6444341e-001  4.0000000e+000
 -3.9781703e-001 -1.7136442e-001  4.0000000e+000
 -3.1203382e-001 -2.5383712e-001  4.0000000e+000
 -3.2929802e-001 -9.7917136e-002  4.0000000e+000
 -4.3257395e-001 -2.3549054e-001  4.0000000e+000
 -4.3295425e-001 -7.1947247e-001  4.0000000e+000
 -3.7351840e-001 -3.3047006e-001  4.0000000e+000
 -2.2050909e-001 -1.9995687e-001  4.0000000e+000
 -1.7959883e-001 -4.7977676e-001  4.0000000e+000
 -2.3522988e-001 -5.7640923e-001  4.0000000e+000
 -1.8870436e-001 -6.0411179e-001  4.0000000e+000
 -3.4702515e-001 -2.6717136e-001  4.0000000e+000
 -2.5444190e-001  3.6482208e-002  4.0000000e+000
 -5.0254851e-001 -4.6801006e-001  4.0000000e+000
 -4.7930104e-001 -5.0112649e-001  4.0000000e+000
 -3.2179581e-001 -1.1553274e-001  4.0000000e+000
 -2.9459694e-001 -3.4577036e-001  4.0000000e+000
 -3.0850239e-001 -5.3250845e-001  4.0000000e+000
 -3.6141782e-001 -4.5509490e-001  4.0000000e+000
 -2.0094857e-001 -3.6224497e-001  4.0000000e+000
 -3.1041041e-001 -2.3205433e-001  4.0000000e+000
 -3.5357884e-002 -4.8993638e-001  4.0000000e+000
 -2.3737731e-001 -1.5127449e-001  4.0000000e+000
 -4.8365138e-001 -4.6734476e-001  4.0000000e+000
 -6.3832184e-001 -4.9468213e-001  4.0000000e+000
 -4.3086495e-001 -4.1722988e-001  4.0000000e+000
 -4.1278043e-001 -6.5679725e-001  4.0000000e+000
 -2.8204803e-001 -1.1123241e-001  4.0000000e+000
  1.7834709e-001 -2.3341086e-001  4.0000000e+000
 -3.6799440e-001 -5.1401051e-001  4.0000000e+000
 -2.2990056e-001 -5.1612246e-001  4.0000000e+000
 -3.9672765e-001 -2.8595618e-001  4.0000000e+000
 -1.7317900e-001 -9.0513051e-002  4.0000000e+000
 -3.4783294e-001 -2.6377762e-001  4.0000000e+000
 -9.3052375e-002 -3.6169688e-001  4.0000000e+000
 -5.9879029e-001 -3.3335318e-001  4.0000000e+000
 -2.0308033e-001  9.8864884e-002  4.0000000e+000
 -4.5518448e-002 -3.7238751e-001  4.0000000e+000
 -5.0877394e-001 -2.9932327e-001  4.0000000e+000
 -2.1772053e-001 -2.3596813e-001  4.0000000e+000
 -2.5029747e-001 -3.5677438e-001  4.0000000e+000
 -3.1758354e-001 -3.5966987e-001  4.0000000e+000
 -7.4721550e-001 -3.1002918e-001  4.0000000e+000
 -5.9072563e-001 -1.8417766e-001  4.0000000e+000
 -2.3660604e-001 -2.2903277e-001  4.0000000e+000
 -3.8189324e-001 -1.4662500e-001  4.0000000e+000
 -2.5862343e-001 -5.0495310e-001  4.0000000e+000
 -6.0377578e-002 -4.4855617e-001  4.0000000e+000
 -2.7582203e-001 -3.3967808e-001  4.0000000e+000
 -3.0498805e-001 -1.3898971e-001  4.0000000e+000
 -1.7994044e-001 -3.9500036e-001  4.0000000e+000
 -3.3160902e-001 -4.7097226e-001  4.0000000e+000
 -4.2346087e-001 -5.9118154e-001  4.0000000e+000
 -3.6197289e-001 -1.0660368e-001  4.0000000e+000
 -5.1044142e-001 -4.7830557e-001  4.0000000e+000
 -4.7797611e-001 -4.3380273e-001  4.0000000e+000
 -3.3630640e-001 -2.7652017e-001  4.0000000e+000
 -5.9642166e-001 -6.3749907e-001  4.0000000e+000
 -3.3252850e-001 -4.3689044e-001  4.0000000e+000
 -3.4415534e-001 -2.9339500e-001  4.0000000e+000
 -4.2135368e-002 -1.2820443e-001  4.0000000e+000
 -8.1341912e-001 -4.2216437e-001  4.0000000e+000
 -1.9182699e-001 -3.2987276e-001  4.0000000e+000
 -3.3886245e-001 -8.4288561e-002  4.0000000e+000
 -3.9252668e-001 -6.4529289e-001  4.0000000e+000
 -4.5907144e-001 -4.8553885e-001  4.0000000e+000
 -6.3256777e-003 -5.0427554e-001  4.0000000e+000
 -4.4774261e-001 -2.3927987e-001  4.0000000e+000
 -5.8825603e-001 -4.3808985e-001  4.0000000e+000
 -5.3590652e-001 -3.3616090e-001  4.0000000e+000
 -4.3101122e-001 -6.5534965e-001  4.0000000e+000
 -2.5510068e-001 -2.0944648e-001  4.0000000e+000
 -2.2711955e-001 -5.0289872e-001  4.0000000e+000
 -2.0677294e-001 -2.7692209e-001  4.0000000e+000
 -3.5704596e-001 -1.5082813e-001  4.0000000e+000
 -2.2579274e-001 -5.5693363e-001  4.0000000e+000
 -5.7118398e-001 -7.3881217e-001  4.0000000e+000
 -1.7056407e-001 -5.8141543e-001  4.0000000e+000
 -5.7323553e-001 -1.8652836e-001  4.0000000e+000
 -4.2910877e-001 -3.3838043e-001  4.0000000e+000
 -4.3802463e-001 -1.6873062e-001  4.0000000e+000
 -5.1015454e-001 -1.7576761e-001  4.0000000e+000
 -6.3679781e-001 -1.2456373e-001  4.0000000e+000
 -4.6102580e-001 -2.3704185e-001  4.0000000e+000
 -2.0290575e-001 -4.0141047e-001  4.0000000e+000
 -3.9037991e-001 -3.9269533e-001  4.0000000e+000
 -4.6328213e-001 -4.3926378e-001  4.0000000e+000
 -1.9471464e-001 -2.6030866e-001  4.0000000e+000
  1.0656445e-001 -3.4912041e-001  4.0000000e+000
 -6.2848685e-001 -2.0182629e-001  4.0000000e+000
 -6.4159074e-001 -6.8216894e-001  4.0000000e+000
 -1.8197878e-001 -5.1596581e-001  4.0000000e+000
 -3.2141788e-001 -1.7521273e-001  4.0000000e+000
 -2.5624508e-001 -3.5195918e-001  4.0000000e+000
 -5.8084444e-002 -4.2780189e-001  4.0000000e+000
 -2.2917204e-001 -3.0936304e-001  4.0000000e+000
 -4.8892748e-001 -6.0691168e-001  4.0000000e+000
 -1.7048763e-001 -2.0000217e-001  4.0000000e+000
 -2.2562382e-001 -5.6614486e-001  4.0000000e+000
 -3.1734121e-001 -1.4311452e-001  4.0000000e+000
 -5.6543039e-001 -4.8216615e-001  4.0000000e+000
 -4.8636823e-001 -7.0486341e-001  4.0000000e+000
  8.1355077e-002 -2.7696946e-001  4.0000000e+000
 -2.0613784e-001 -3.6266547e-001  4.0000000e+000
 -9.2235151e-002 -2.0579540e-001  4.0000000e+000
 -5.5591907e-001 -3.5756726e-001  4.0000000e+000
 -5.4633792e-001 -5.5662316e-001  4.0000000e+000
 -8.7996157e-002 -5.2831381e-001  4.0000000e+000
 -5.4451663e-001 -4.2509165e-001  4.0000000e+000
 -5.5052596e-001 -6.7339558e-001  4.0000000e+000
 -6.2854535e-001 -1.4634378e-001  4.0000000e+000
 -1.1874585e-001 -3.3041825e-001  4.0000000e+000
 -3.2003377e-001 -2.2346668e-001  4.0000000e+000
 -4.0861363e-001 -3.4808275e-001  4.0000000e+000
 -4.6368885e-001 -3.0714710e-001  4.0000000e+000
 -3.3478193e-001 -5.5548131e-001  4.0000000e+000
 -2.6926121e-001 -3.2825167e-001  4.0000000e+000
 -3.1031642e-001 -7.5651460e-001  4.0000000e+000
 -7.1112841e-002 -1.1970757e-001  4.0000000e+000
 -2.1109214e-001 -3.6826600e-001  4.0000000e+000
 -6.9969105e-002 -3.3952954e-001  4.0000000e+000
 -3.1649694e-001 -4.8054019e-001  4.0000000e+000
 -6.2738841e-001 -2.6034764e-001  4.0000000e+000
 -2.7473831e-001 -2.4096377e-001  4.0000000e+000
 -1.1473900e-001 -3.4672413e-001  4.0000000e+000
 -2.2377516e-001 -4.6995592e-001  4.0000000e+000
 -5.7605807e-001 -6.7343907e-002  4.0000000e+000
 -3.8840206e-001 -1.5242294e-001  4.0000000e+000
 -9.7515021e-002  7.8218105e-003  4.0000000e+000
 -4.9317690e-002 -1.0718601e-002  4.0000000e+000
 -5.3888477e-001 -1.4729878e-001  4.0000000e+000
 -1.6757450e-001 -1.5931556e-001  4.0000000e+000
 -4.5198726e-001 -1.2942744e-001  4.0000000e+000
 -3.4401407e-001 -4.9942882e-001  4.0000000e+000
 -1.5236622e-001 -1.6027339e-001  4.0000000e+000
 -6.5238357e-001 -3.9298806e-001  4.0000000e+000
  5.0310008e-002 -5.1600552e-002  4.0000000e+000
 -6.7692057e-003 -2.9109507e-001  4.0000000e+000
 -3.3835852e-001 -5.6706306e-001  4.0000000e+000
 -4.4592226e-001 -2.9775601e-001  4.0000000e+000
 -5.7011484e-002 -1.5460661e-001  4.0000000e+000
 -3.7419228e-001 -2.9970914e-001  4.0000000e+000
 -2.7219869e-001 -3.2135186e-001  4.0000000e+000
 -1.7467944e-001 -1.5599287e-001  4.0000000e+000
 -1.3508844e-001 -4.8019481e-001  4.0000000e+000
 -4.5896198e-001 -3.7014684e-001  4.0000000e+000
 -3.6877180e-001 -7.2995585e-002  4.0000000e+000
 -8.8406085e-001 -1.8271590e-001  4.0000000e+000
  2.5073269e-002 -3.1433017e-001  4.0000000e+000
 -2.7930646e-001  4.7722338e-002  4.0000000e+000
 -2.6753306e-001 -1.6119819e-001  4.0000000e+000
 -3.0449979e-001 -6.2646285e-002  4.0000000e+000
 -2.9462582e-001 -3.8194610e-001  4.0000000e+000
 -1.0358758e-001 -5.0828428e-001  4.0000000e+000
 -5.0751130e-001 -5.9563294e-002  4.0000000e+000
 -2.3845631e-001 -5.7036781e-001  4.0000000e+000
 -4.5763800e-001 -4.7121950e-001  4.0000000e+000
 -5.1973191e-001 -3.7465469e-001  4.0000000e+000
 -6.8627948e-001 -4.9822375e-001  4.0000000e+000
 -4.2666182e-001 -5.4683063e-001  4.0000000e+000
 -1.4897087e-001 -2.1330706e-001  4.0000000e+000
 -2.1745158e-001 -3.6589492e-001  4.0000000e+000
 -2.1570955e-001  2.6468582e-001  4.0000000e+000
 -9.8723871e-002 -3.2800871e-001  4.0000000e+000
 -4.4491724e-001 -2.7465453e-001  4.0000000e+000
 -1.9757209e-001 -1.0220048e-001  4.0000000e+000
 -3.1603255e-001 -2.2700339e-001  4.0000000e+000
 -4.4209282e-001 -1.7958384e-001  4.0000000e+000
 -2.4517915e-001 -5.2223559e-001  4.0000000e+000
 -3.0065015e-001 -3.4128006e-001  4.0000000e+000
 -3.6839291e-001 -5.4256238e-001  4.0000000e+000
 -3.4700345e-001 -3.6156156e-001  4.0000000e+000
 -3.6309285e-001 -4.5954339e-001  4.0000000e+000
 -5.8273179e-002 -1.4427807e-001  4.0000000e+000
 -3.1539208e-001 -4.8180189e-001  4.0000000e+000
 -5.9015188e-001 -3.2472216e-001  4.0000000e+000
 -6.3123861e-001 -4.0890203e-001  4.0000000e+000
 -1.8686514e-001 -4.6804309e-001  4.0000000e+000
 -7.5325413e-002 -4.6940764e-001  4.0000000e+000
 -7.2670186e-001 -4.1320944e-001  4.0000000e+000
 -8.4398862e-002 -3.2846724e-001  4.0000000e+000
