 -8.3263753e-001 -5.6128476e-001  1.0000000e+000
 -8.2041836e-001 -5.9930450e-001  1.0000000e+000
 -8.1700452e-001 -6.9483374e-001  1.0000000e+000
 -8.6380536e-001 -6.5829119e-001  1.0000000e+000
 -8.7572402e-001 -5.2944650e-001  1.0000000e+000
 -7.8562908e-001 -5.7395731e-001  1.0000000e+000
 -8.7537128e-001 -5.9025527e-001  1.0000000e+000
 -9.3303641e-001 -6.3276792e-001  1.0000000e+000
 -8.3727406e-001 -6.2086294e-001  1.0000000e+000
 -8.4472349e-001 -6.4103501e-001  1.0000000e+000
 -8.9726503e-001 -6.4861114e-001  1.0000000e+000
 -7.7578983e-001 -6.2347577e-001  1.0000000e+000
 -8.1448511e-001 -6.3014262e-001  1.0000000e+000
 -8.4967482e-001 -5.6509461e-001  1.0000000e+000
 -7.7374896e-001 -6.7121772e-001  1.0000000e+000
 -7.8359177e-001 -5.7350999e-001  1.0000000e+000
 -8.4278859e-001 -6.6144518e-001  1.0000000e+000
 -9.1571477e-001 -5.9139552e-001  1.0000000e+000
 -8.6950841e-001 -5.8630853e-001  1.0000000e+000
 -8.0221653e-001 -6.4135194e-001  1.0000000e+000
 -8.2360567e-001 -7.2449078e-001  1.0000000e+000
 -8.0972301e-001 -6.1484020e-001  1.0000000e+000
 -9.3371950e-001 -6.1325293e-001  1.0000000e+000
 -9.3345064e-001 -6.1477484e-001  1.0000000e+000
 -9.0169554e-001 -6.0638712e-001  1.0000000e+000
 -8.8638209e-001 -5.8744480e-001  1.0000000e+000
 -8.1432382e-001 -5.9391912e-001  1.0000000e+000
 -8.8372506e-001 -6.6229040e-001  1.0000000e+000
 -8.3505065e-001 -6.9507515e-001  1.0000000e+000
 -8.5268352e-001 -5.7695379e-001  1.0000000e+000
 -8.2794579e-001 -6.6676741e-001  1.0000000e+000
 -8.4217239e-001 -6.1510916e-001  1.0000000e+000
 -8.2143922e-001 -6.1139493e-001  1.0000000e+000
 -8.3706666e-001 -6.4626350e-001  1.0000000e+000
 -8.7047804e-001 -6.3269882e-001  1.0000000e+000
 -8.9216599e-001 -6.2026615e-001  1.0000000e+000
 -8.4327525e-001 -5.8999102e-001  1.0000000e+000
 -9.2480433e-001 -6.4229330e-001  1.0000000e+000
 -8.8076347e-001 -6.3582390e-001  1.0000000e+000
 -8.6563634e-001 -6.8684097e-001  1.0000000e+000
 -7.2860723e-001 -5.9043374e-001  1.0000000e+000
 -8.1444458e-001 -5.9205996e-001  1.0000000e+000
 -7.6897701e-001 -6.1185912e-001  1.0000000e+000
 -8.0337898e-001 -5.8465686e-001  1.0000000e+000
 -9.4762122e-001 -5.4387106e-001  1.0000000e+000
 -7.7610959e-001 -6.5752264e-001  1.0000000e+000
 -9.1007268e-001 -5.8541755e-001  1.0000000e+000
 -8.0080710e-001 -6.6694818e-001  1.0000000e+000
 -9.3042526e-001 -5.9399379e-001  1.0000000e+000
 -8.4938162e-001 -5.8880521e-001  1.0000000e+000
 -2.9189682e-001 -6.2153629e-001  2.0000000e+000
 -4.2210683e-001 -5.9878763e-001  2.0000000e+000
 -3.9587484e-001 -6.5845552e-001  2.0000000e+000
 -4.1488115e-001 -5.6504507e-001  2.0000000e+000
 -2.7853679e-001 -5.9991228e-001  2.0000000e+000
 -4.1195589e-001 -6.7484920e-001  2.0000000e+000
 -4.4219610e-001 -6.1458590e-001  2.0000000e+000
 -5.3645469e-001 -5.6456539e-001  2.0000000e+000
 -3.8364804e-001 -5.9608452e-001  2.0000000e+000
 -4.0223122e-001 -6.1623066e-001  2.0000000e+000
 -3.8010066e-001 -6.1449624e-001  2.0000000e+000
 -3.4685560e-001 -6.6362263e-001  2.0000000e+000
 -3.6670398e-001 -6.3741174e-001  2.0000000e+000
 -3.5801304e-001 -5.9328212e-001  2.0000000e+000
 -4.9920141e-001 -6.1252638e-001  2.0000000e+000
 -5.2360263e-001 -6.6625128e-001  2.0000000e+000
 -4.2826841e-001 -6.5134640e-001  2.0000000e+000
 -4.4112675e-001 -6.2716066e-001  2.0000000e+000
 -4.1178517e-001 -5.6780097e-001  2.0000000e+000
 -4.5109127e-001 -6.3006485e-001  2.0000000e+000
 -3.3965610e-001 -6.1173794e-001  2.0000000e+000
 -3.8050285e-001 -6.1145568e-001  2.0000000e+000
 -3.2916791e-001 -6.2390683e-001  2.0000000e+000
 -3.5018827e-001 -6.4439900e-001  2.0000000e+000
 -4.6354848e-001 -5.3573701e-001  2.0000000e+000
 -4.3900168e-001 -5.3154351e-001  2.0000000e+000
 -4.0499204e-001 -5.9764340e-001  2.0000000e+000
 -3.7528703e-001 -6.4876007e-001  2.0000000e+000
 -4.4219191e-001 -6.4097018e-001  2.0000000e+000
 -5.0112539e-001 -5.9558399e-001  2.0000000e+000
 -4.2334690e-001 -5.7973325e-001  2.0000000e+000
 -4.2244198e-001 -5.6013687e-001  2.0000000e+000
 -4.7370047e-001 -6.7474751e-001  2.0000000e+000
 -3.6582001e-001 -6.4817387e-001  2.0000000e+000
 -3.8590928e-001 -6.8212872e-001  2.0000000e+000
 -3.0812345e-001 -6.2641737e-001  2.0000000e+000
 -3.2644898e-001 -6.9266917e-001  2.0000000e+000
 -5.1329249e-001 -6.1319847e-001  2.0000000e+000
 -3.1961500e-001 -6.4097510e-001  2.0000000e+000
 -3.6158766e-001 -5.4153337e-001  2.0000000e+000
 -4.9070947e-001 -5.8108853e-001  2.0000000e+000
 -4.4663897e-001 -6.3328412e-001  2.0000000e+000
 -4.3158432e-001 -6.4070897e-001  2.0000000e+000
 -3.9353401e-001 -6.0454158e-001  2.0000000e+000
 -3.8724989e-001 -6.7802886e-001  2.0000000e+000
 -4.8381056e-001 -6.5802610e-001  2.0000000e+000
 -5.0920572e-001 -6.1637834e-001  2.0000000e+000
 -4.4318480e-001 -6.2714791e-001  2.0000000e+000
 -4.2151822e-001 -6.9220593e-001  2.0000000e+000
 -3.4422360e-001 -6.4925086e-001  2.0000000e+000
  3.0558947e-002 -7.4373159e-001  3.0000000e+000
  1.4647567e-002 -6.5487682e-001  3.0000000e+000
 -4.2838474e-002 -6.1234844e-001  3.0000000e+000
  6.9616819e-002 -5.5610822e-001  3.0000000e+000
  4.1363436e-002 -6.6674468e-001  3.0000000e+000
  1.0923181e-002 -6.1165834e-001  3.0000000e+000
  3.5787331e-002 -6.1484334e-001  3.0000000e+000
  4.6495390e-003 -5.7535752e-001  3.0000000e+000
  6.7169156e-002 -5.5566593e-001  3.0000000e+000
 -4.6340820e-002 -6.3017882e-001  3.0000000e+000
 -3.4532968e-002 -6.6340174e-001  3.0000000e+000
  6.0519441e-003 -6.2202087e-001  3.0000000e+000
  2.8704085e-002 -6.1158743e-001  3.0000000e+000
 -4.4286962e-002 -6.9354340e-001  3.0000000e+000
 -2.1546843e-002 -5.7528661e-001  3.0000000e+000
 -3.9846187e-002 -7.1387377e-001  3.0000000e+000
 -5.0659055e-002 -7.4027742e-001  3.0000000e+000
 -5.5294638e-002 -6.4518797e-001  3.0000000e+000
  6.2247573e-003 -6.2216688e-001  3.0000000e+000
  2.7548783e-003 -6.8546108e-001  3.0000000e+000
 -6.0690671e-003 -5.2200496e-001  3.0000000e+000
 -2.6632787e-002 -6.4088764e-001  3.0000000e+000
 -1.3416029e-001 -6.2805933e-001  3.0000000e+000
 -7.3371943e-002 -5.7084751e-001  3.0000000e+000
 -7.5508542e-002 -6.6525147e-001  3.0000000e+000
 -6.3483887e-002 -6.1085544e-001  3.0000000e+000
  3.0795576e-003 -5.6045777e-001  3.0000000e+000
 -4.5387730e-002 -4.8569429e-001  3.0000000e+000
 -8.1236513e-002 -6.4345240e-001  3.0000000e+000
  7.2647784e-003 -6.1031081e-001  3.0000000e+000
  3.6369659e-002 -6.1881448e-001  3.0000000e+000
 -3.6539695e-002 -6.7366653e-001  3.0000000e+000
  1.0937771e-003 -7.0958297e-001  3.0000000e+000
 -8.0663611e-002 -5.4004854e-001  3.0000000e+000
  3.5721348e-002 -5.8394612e-001  3.0000000e+000
 -2.7453912e-002 -6.1319386e-001  3.0000000e+000
  8.5551168e-003 -6.3801669e-001  3.0000000e+000
  7.5230628e-002 -5.6329348e-001  3.0000000e+000
  4.2984738e-002 -8.0692256e-001  3.0000000e+000
 -5.8491158e-002 -5.9856381e-001  3.0000000e+000
 -4.7189176e-002 -5.3517353e-001  3.0000000e+000
  6.4015577e-002 -6.4170531e-001  3.0000000e+000
  1.9757600e-002 -5.4774490e-001  3.0000000e+000
 -4.0168772e-002 -6.6472235e-001  3.0000000e+000
 -8.8537608e-002 -5.8188881e-001  3.0000000e+000
 -1.7827694e-002 -5.9292089e-001  3.0000000e+000
  8.9626489e-002 -5.3836555e-001  3.0000000e+000
  8.7047907e-002 -6.5348970e-001  3.0000000e+000
  6.4406240e-002 -7.1665784e-001  3.0000000e+000
  1.0856786e-001 -5.7044826e-001  3.0000000e+000
  3.3307731e-001 -6.4647318e-001  4.0000000e+000
  4.6573498e-001 -5.3197094e-001  4.0000000e+000
  5.0751388e-001 -6.4444372e-001  4.0000000e+000
  3.4763551e-001 -5.8390601e-001  4.0000000e+000
  3.7054111e-001 -5.8760306e-001  4.0000000e+000
  4.0294620e-001 -5.8571552e-001  4.0000000e+000
  4.7487837e-001 -6.8413273e-001  4.0000000e+000
  3.7311760e-001 -6.7214044e-001  4.0000000e+000
  4.2568422e-001 -6.8642748e-001  4.0000000e+000
  4.5111394e-001 -6.4734614e-001  4.0000000e+000
  4.3088956e-001 -6.4654293e-001  4.0000000e+000
  4.4574102e-001 -6.1741710e-001  4.0000000e+000
  3.4856765e-001 -6.7073929e-001  4.0000000e+000
  3.8826231e-001 -6.9648939e-001  4.0000000e+000
  3.9612793e-001 -5.9589872e-001  4.0000000e+000
  4.4901924e-001 -6.1956320e-001  4.0000000e+000
  3.7523325e-001 -5.9172093e-001  4.0000000e+000
  4.4558392e-001 -6.5055429e-001  4.0000000e+000
  4.0911510e-001 -5.3903146e-001  4.0000000e+000
  4.1020435e-001 -6.3907488e-001  4.0000000e+000
  4.4025290e-001 -5.8568557e-001  4.0000000e+000
  3.8215625e-001 -5.6356925e-001  4.0000000e+000
  3.9585562e-001 -5.9342760e-001  4.0000000e+000
  3.3607274e-001 -6.7470634e-001  4.0000000e+000
  3.5626569e-001 -6.4455998e-001  4.0000000e+000
  3.5673700e-001 -6.0376203e-001  4.0000000e+000
  4.3364410e-001 -5.5743731e-001  4.0000000e+000
  5.1970506e-001 -5.9191742e-001  4.0000000e+000
  3.6508440e-001 -6.9097309e-001  4.0000000e+000
  4.3047062e-001 -4.9300691e-001  4.0000000e+000
  4.1631042e-001 -6.4708106e-001  4.0000000e+000
  4.7517163e-001 -6.2234424e-001  4.0000000e+000
  4.1299031e-001 -6.4704953e-001  4.0000000e+000
  4.6229967e-001 -5.9146507e-001  4.0000000e+000
  4.2761135e-001 -7.0528255e-001  4.0000000e+000
  4.4576197e-001 -7.0564022e-001  4.0000000e+000
  4.0753360e-001 -6.5927486e-001  4.0000000e+000
  4.3467051e-001 -6.4617080e-001  4.0000000e+000
  3.4921701e-001 -6.7691961e-001  4.0000000e+000
  4.3172745e-001 -6.5618590e-001  4.0000000e+000
  3.8032338e-001 -5.6670062e-001  4.0000000e+000
  3.9755233e-001 -6.2165974e-001  4.0000000e+000
  4.5966034e-001 -6.4863858e-001  4.0000000e+000
  4.5905287e-001 -6.9419318e-001  4.0000000e+000
  4.3922649e-001 -6.0120932e-001  4.0000000e+000
  4.1352446e-001 -5.4661387e-001  4.0000000e+000
  4.1726351e-001 -5.7977567e-001  4.0000000e+000
  4.5440263e-001 -5.8208979e-001  4.0000000e+000
  4.5204609e-001 -6.2058443e-001  4.0000000e+000
  4.8437786e-001 -5.6166799e-001  4.0000000e+000
  7.8171078e-001 -6.3008744e-001  5.0000000e+000
  8.0141148e-001 -6.0472486e-001  5.0000000e+000
  8.7293519e-001 -5.7953415e-001  5.0000000e+000
  7.4677110e-001 -6.2691210e-001  5.0000000e+000
  8.8506353e-001 -7.5287288e-001  5.0000000e+000
  8.4443672e-001 -5.2235896e-001  5.0000000e+000
  9.1547865e-001 -6.7607450e-001  5.0000000e+000
  8.8486453e-001 -6.3892602e-001  5.0000000e+000
  9.1003241e-001 -6.6692273e-001  5.0000000e+000
  8.9699288e-001 -6.5400175e-001  5.0000000e+000
  8.9084492e-001 -6.4945038e-001  5.0000000e+000
  7.9663555e-001 -6.9898031e-001  5.0000000e+000
  7.8812058e-001 -6.6545874e-001  5.0000000e+000
  8.3266448e-001 -7.5820077e-001  5.0000000e+000
  8.3111440e-001 -7.2485474e-001  5.0000000e+000
  8.5817799e-001 -6.1727550e-001  5.0000000e+000
  9.1202238e-001 -5.7030781e-001  5.0000000e+000
  8.2828655e-001 -5.7513045e-001  5.0000000e+000
  8.0736044e-001 -6.0564245e-001  5.0000000e+000
  8.8731534e-001 -6.7736117e-001  5.0000000e+000
  8.9844870e-001 -6.7527998e-001  5.0000000e+000
  8.9094965e-001 -5.4872114e-001  5.0000000e+000
  7.3773244e-001 -5.8438653e-001  5.0000000e+000
  8.4150414e-001 -6.3587632e-001  5.0000000e+000
  8.0954941e-001 -4.8404052e-001  5.0000000e+000
  8.0355855e-001 -6.3868933e-001  5.0000000e+000
  9.2786883e-001 -5.7157773e-001  5.0000000e+000
  9.1139397e-001 -6.6976116e-001  5.0000000e+000
  8.0379944e-001 -5.6645177e-001  5.0000000e+000
  8.7432817e-001 -5.4620037e-001  5.0000000e+000
  9.2061068e-001 -5.8806473e-001  5.0000000e+000
  8.5001911e-001 -5.7916265e-001  5.0000000e+000
  8.4709700e-001 -5.7839285e-001  5.0000000e+000
  8.9271968e-001 -6.1434145e-001  5.0000000e+000
  8.0738139e-001 -6.6918125e-001  5.0000000e+000
  7.9462464e-001 -6.7680995e-001  5.0000000e+000
  9.0858707e-001 -6.2207099e-001  5.0000000e+000
  7.6769720e-001 -5.9997826e-001  5.0000000e+000
  8.3154381e-001 -5.7622462e-001  5.0000000e+000
  6.9193172e-001 -6.3665300e-001  5.0000000e+000
  7.6529876e-001 -6.4818916e-001  5.0000000e+000
  7.9549394e-001 -7.1497338e-001  5.0000000e+000
  8.4630101e-001 -6.8891787e-001  5.0000000e+000
  9.0634573e-001 -6.3500588e-001  5.0000000e+000
  8.8455033e-001 -6.5796787e-001  5.0000000e+000
  7.9323166e-001 -5.9335837e-001  5.0000000e+000
  8.5867025e-001 -6.4487366e-001  5.0000000e+000
  7.6083704e-001 -7.2147357e-001  5.0000000e+000
  7.9488647e-001 -5.9947951e-001  5.0000000e+000
  8.1566595e-001 -6.6694431e-001  5.0000000e+000
 -8.1006675e-001 -2.1896816e-001  6.0000000e+000
 -8.8309906e-001 -2.3323415e-001  6.0000000e+000
 -8.6205492e-001 -2.4872763e-001  6.0000000e+000
 -8.6300330e-001 -2.4708853e-001  6.0000000e+000
 -8.7747164e-001 -2.5731069e-001  6.0000000e+000
 -9.6504602e-001 -1.4805401e-001  6.0000000e+000
 -8.7112667e-001 -2.0390409e-001  6.0000000e+000
 -8.5564743e-001 -2.6837073e-001  6.0000000e+000
 -7.6961066e-001 -2.2511088e-001  6.0000000e+000
 -8.7709826e-001 -2.2734698e-001  6.0000000e+000
 -8.5683020e-001 -1.4219617e-001  6.0000000e+000
 -8.8262953e-001 -2.8099133e-001  6.0000000e+000
 -8.0971170e-001 -1.7902737e-001  6.0000000e+000
 -8.6730069e-001 -1.8319897e-001  6.0000000e+000
 -8.2978460e-001 -2.0519233e-001  6.0000000e+000
 -8.0583618e-001 -1.6228858e-001  6.0000000e+000
 -7.7454966e-001 -1.6036145e-001  6.0000000e+000
 -8.6243668e-001 -1.7592930e-001  6.0000000e+000
 -8.1417729e-001 -1.5461672e-001  6.0000000e+000
 -8.9926600e-001 -2.7236010e-001  6.0000000e+000
 -7.7920221e-001 -1.8759157e-001  6.0000000e+000
 -8.6576737e-001 -7.6289413e-002  6.0000000e+000
 -9.4346668e-001 -2.2784447e-001  6.0000000e+000
 -9.0141443e-001 -2.3012351e-001  6.0000000e+000
 -7.6385514e-001 -1.8912594e-001  6.0000000e+000
 -8.9775833e-001 -2.0058607e-001  6.0000000e+000
 -8.9474416e-001 -2.0561860e-001  6.0000000e+000
 -8.5239665e-001 -3.0566067e-001  6.0000000e+000
 -8.1719838e-001 -1.2628269e-001  6.0000000e+000
 -8.3348072e-001 -2.3550690e-001  6.0000000e+000
 -8.0821932e-001 -2.2289468e-001  6.0000000e+000
 -8.2358137e-001 -2.9660945e-001  6.0000000e+000
 -8.1320336e-001 -2.5068514e-001  6.0000000e+000
 -8.3486770e-001 -1.8560579e-001  6.0000000e+000
 -8.2386949e-001 -2.2651119e-001  6.0000000e+000
 -9.1198578e-001 -1.8749626e-001  6.0000000e+000
 -8.9373545e-001 -2.3677944e-001  6.0000000e+000
 -8.5116361e-001 -2.4685392e-001  6.0000000e+000
 -7.6442166e-001 -2.2549631e-001  6.0000000e+000
 -7.7674324e-001 -1.7604765e-001  6.0000000e+000
 -8.1933697e-001 -1.2878796e-001  6.0000000e+000
 -7.7643971e-001 -2.8795308e-001  6.0000000e+000
 -9.0358873e-001 -2.4144015e-001  6.0000000e+000
 -7.9402906e-001 -2.2874624e-001  6.0000000e+000
 -7.9310466e-001 -2.0847368e-001  6.0000000e+000
 -7.5125654e-001 -1.7385659e-001  6.0000000e+000
 -8.0753163e-001 -2.4102854e-001  6.0000000e+000
 -8.7422767e-001 -2.3269790e-001  6.0000000e+000
 -8.3986512e-001 -2.2195625e-001  6.0000000e+000
 -8.6918498e-001 -1.3146395e-001  6.0000000e+000
 -3.0334752e-001 -2.1024790e-001  7.0000000e+000
 -4.1035868e-001 -1.3002488e-001  7.0000000e+000
 -3.3736763e-001 -1.6514680e-001  7.0000000e+000
 -4.9608972e-001 -1.6832133e-001  7.0000000e+000
 -4.5994873e-001 -1.6114906e-001  7.0000000e+000
 -3.4588470e-001 -2.4257653e-001  7.0000000e+000
 -3.9134190e-001 -1.7987363e-001  7.0000000e+000
 -4.3654878e-001 -1.5058651e-001  7.0000000e+000
 -4.6982840e-001 -2.0956503e-001  7.0000000e+000
 -3.9079727e-001 -1.6152192e-001  7.0000000e+000
 -4.0609595e-001 -2.1893150e-001  7.0000000e+000
 -3.7671771e-001 -1.8431650e-001  7.0000000e+000
 -4.9342630e-001 -2.2676884e-001  7.0000000e+000
 -4.2867583e-001 -3.0160323e-001  7.0000000e+000
 -4.3121042e-001 -2.1136857e-001  7.0000000e+000
 -4.0310262e-001 -2.2483962e-001  7.0000000e+000
 -4.6641613e-001 -1.4470353e-001  7.0000000e+000
 -4.8228980e-001 -3.0716362e-001  7.0000000e+000
 -4.0696944e-001 -1.6209272e-001  7.0000000e+000
 -4.1250470e-001 -2.1627751e-001  7.0000000e+000
 -4.7118577e-001 -2.0548978e-001  7.0000000e+000
 -4.3212371e-001 -1.9207110e-001  7.0000000e+000
 -3.5249245e-001 -2.6506005e-001  7.0000000e+000
 -5.2092559e-001 -3.0577693e-001  7.0000000e+000
 -4.3411892e-001 -2.2213011e-001  7.0000000e+000
 -4.1358033e-001 -2.3901030e-001  7.0000000e+000
 -4.0335084e-001 -3.0700024e-001  7.0000000e+000
 -3.7979902e-001 -2.5864816e-001  7.0000000e+000
 -4.2998083e-001 -1.3915256e-001  7.0000000e+000
 -2.7116866e-001 -2.4294729e-001  7.0000000e+000
 -4.4333981e-001 -2.0602288e-001  7.0000000e+000
 -4.0714121e-001 -2.0569715e-001  7.0000000e+000
 -4.0585716e-001 -2.0028548e-001  7.0000000e+000
 -4.1904228e-001 -2.0617684e-001  7.0000000e+000
 -3.9065483e-001 -1.7932272e-001  7.0000000e+000
 -4.0137763e-001 -2.1761812e-001  7.0000000e+000
 -4.6725506e-001 -2.0501428e-001  7.0000000e+000
 -4.0768269e-001 -3.0377648e-001  7.0000000e+000
 -4.1684074e-001 -1.3315123e-001  7.0000000e+000
 -4.6358828e-001 -2.2602627e-001  7.0000000e+000
 -4.2692256e-001 -2.4775778e-001  7.0000000e+000
 -3.7996451e-001 -1.8929980e-001  7.0000000e+000
 -5.2108898e-001 -2.4776093e-001  7.0000000e+000
 -5.1693204e-001 -2.3499265e-001  7.0000000e+000
 -3.7984825e-001 -2.5459804e-001  7.0000000e+000
 -3.6257845e-001 -2.6073972e-001  7.0000000e+000
 -4.3835022e-001 -2.2530674e-001  7.0000000e+000
 -4.4240243e-001 -3.0314703e-001  7.0000000e+000
 -4.3518198e-001 -1.9170348e-001  7.0000000e+000
 -4.1359081e-001 -2.1229862e-001  7.0000000e+000
 -2.7847716e-002 -1.4557702e-001  8.0000000e+000
  2.1975892e-002 -1.8622373e-001  8.0000000e+000
 -1.8448774e-002 -1.7143406e-001  8.0000000e+000
 -5.6839483e-002 -1.8461709e-001  8.0000000e+000
  1.1540072e-002 -2.1066579e-001  8.0000000e+000
  1.8525913e-002 -2.5421890e-001  8.0000000e+000
  6.8991549e-002 -1.7991552e-001  8.0000000e+000
 -4.5958537e-002 -2.3548491e-001  8.0000000e+000
 -4.5059908e-002 -1.9499740e-001  8.0000000e+000
  1.7415719e-002 -2.0605221e-001  8.0000000e+000
 -1.0617719e-002 -2.3013713e-001  8.0000000e+000
 -7.7733119e-002 -2.2635304e-001  8.0000000e+000
 -2.8412239e-002 -2.1244525e-001  8.0000000e+000
 -2.3460356e-002 -1.3625977e-001  8.0000000e+000
  1.5810128e-002 -3.2845106e-001  8.0000000e+000
 -5.7822947e-002 -2.1411158e-001  8.0000000e+000
 -2.7650814e-002 -2.7468941e-001  8.0000000e+000
 -4.8212440e-002 -2.4147786e-001  8.0000000e+000
  9.9376221e-003 -2.6112515e-001  8.0000000e+000
  1.4735544e-002 -2.6287318e-001  8.0000000e+000
  1.3618993e-003 -2.3087656e-001  8.0000000e+000
  5.8543160e-002 -1.6927128e-001  8.0000000e+000
  5.9216608e-002 -1.5872234e-001  8.0000000e+000
 -7.3295486e-002 -1.5984929e-001  8.0000000e+000
  1.1246813e-002 -1.5151551e-001  8.0000000e+000
 -6.5717963e-003 -2.7215796e-001  8.0000000e+000
 -1.3024535e-002 -2.8800335e-001  8.0000000e+000
  3.1807391e-002 -3.3347626e-001  8.0000000e+000
  2.3952247e-002 -2.2939246e-001  8.0000000e+000
 -2.0751903e-002 -1.6304581e-001  8.0000000e+000
  6.2063312e-002 -2.5109779e-001  8.0000000e+000
  5.9126462e-003 -1.6105689e-001  8.0000000e+000
  1.3123669e-002 -1.7503800e-001  8.0000000e+000
 -2.7299951e-002 -2.2985225e-001  8.0000000e+000
  2.1233247e-003 -2.4698065e-001  8.0000000e+000
  5.1951123e-002 -3.4206560e-001  8.0000000e+000
  3.3058977e-002 -1.4432648e-001  8.0000000e+000
  4.7710319e-003 -3.0796904e-001  8.0000000e+000
 -1.3856859e-001 -2.0496191e-001  8.0000000e+000
  7.9572952e-002 -1.6065995e-001  8.0000000e+000
 -4.1918898e-002 -1.8196205e-001  8.0000000e+000
 -2.0595847e-002 -2.6965374e-001  8.0000000e+000
 -1.0348550e-002 -2.0193506e-001  8.0000000e+000
  3.8756575e-002 -2.9395965e-001  8.0000000e+000
  1.2927814e-002 -3.2466174e-001  8.0000000e+000
 -2.2848702e-002 -2.4527137e-001  8.0000000e+000
 -2.8788239e-002 -2.0483309e-001  8.0000000e+000
 -3.0643100e-002 -2.2955899e-001  8.0000000e+000
 -1.2279868e-002 -2.7577447e-001  8.0000000e+000
 -1.2939700e-002 -1.8176829e-001  8.0000000e+000
  4.6033064e-001 -1.6454039e-001  9.0000000e+000
  3.8039670e-001 -2.4769390e-001  9.0000000e+000
  2.8824015e-001 -2.3968479e-001  9.0000000e+000
  3.9742665e-001 -2.2611424e-001  9.0000000e+000
  4.5692675e-001 -2.0549397e-001  9.0000000e+000
  3.1130285e-001 -2.1914307e-001  9.0000000e+000
  4.6755738e-001 -2.0156954e-001  9.0000000e+000
  3.8945630e-001 -3.1192593e-001  9.0000000e+000
  4.6077053e-001 -2.7651285e-001  9.0000000e+000
  3.1563889e-001 -2.2024698e-001  9.0000000e+000
  3.8554967e-001 -2.0630776e-001  9.0000000e+000
  4.2496155e-001 -2.5193253e-001  9.0000000e+000
  3.5005489e-001 -2.6515641e-001  9.0000000e+000
  2.9957250e-001 -2.0897013e-001  9.0000000e+000
  3.6915860e-001 -2.5162775e-001  9.0000000e+000
  4.2830260e-001 -2.1858064e-001  9.0000000e+000
  3.2973625e-001 -2.9163557e-001  9.0000000e+000
  4.3754025e-001 -1.1746817e-001  9.0000000e+000
  5.1810261e-001 -2.6750038e-001  9.0000000e+000
  4.4508119e-001 -2.0687857e-001  9.0000000e+000
  4.2698294e-001 -2.0597889e-001  9.0000000e+000
  3.5720831e-001 -2.5813391e-001  9.0000000e+000
  4.3561312e-001 -2.0068557e-001  9.0000000e+000
  4.9656904e-001 -8.9614879e-002  9.0000000e+000
  4.0027545e-001 -1.1209316e-001  9.0000000e+000
  4.7342255e-001 -2.6198816e-001  9.0000000e+000
  3.5982669e-001 -1.6032898e-001  9.0000000e+000
  4.1443566e-001 -1.2125226e-001  9.0000000e+000
  4.4112220e-001 -1.4110797e-001  9.0000000e+000
  4.0104002e-001 -2.5605910e-001  9.0000000e+000
  4.3623106e-001 -3.7058501e-001  9.0000000e+000
  4.6583972e-001 -1.9724816e-001  9.0000000e+000
  3.9140437e-001 -2.1777732e-001  9.0000000e+000
  4.7685787e-001 -1.6981590e-001  9.0000000e+000
  3.0945951e-001 -2.6294125e-001  9.0000000e+000
  4.5258024e-001 -1.4471610e-001  9.0000000e+000
  3.3921479e-001 -1.8611376e-001  9.0000000e+000
  3.6035037e-001 -2.0438168e-001  9.0000000e+000
  4.4380342e-001 -1.8809639e-001  9.0000000e+000
  3.3069982e-001 -1.9446011e-001  9.0000000e+000
  4.6389164e-001 -1.4831375e-001  9.0000000e+000
  4.8535190e-001 -1.5065040e-001  9.0000000e+000
  5.0163823e-001 -2.3856308e-001  9.0000000e+000
  4.6232061e-001 -1.7750033e-001  9.0000000e+000
  4.6430011e-001 -1.4583886e-001  9.0000000e+000
  4.6898178e-001 -1.8750673e-001  9.0000000e+000
  3.3648120e-001 -3.0680962e-001  9.0000000e+000
  3.6766089e-001 -1.2572864e-001  9.0000000e+000
  3.8298366e-001 -1.9603637e-001  9.0000000e+000
  4.3700610e-001 -1.9663022e-001  9.0000000e+000
  7.9589193e-001 -2.4983050e-001  1.0000000e+001
  8.1311041e-001 -1.8685947e-001  1.0000000e+001
  8.7646477e-001 -2.8017544e-001  1.0000000e+001
  8.7284093e-001 -1.5245603e-001  1.0000000e+001
  8.9308625e-001 -2.2629648e-001  1.0000000e+001
  9.5626256e-001 -1.3633518e-001  1.0000000e+001
  7.6740394e-001 -1.4542516e-001  1.0000000e+001
  7.3691551e-001 -1.6332860e-001  1.0000000e+001
  7.8668570e-001 -2.3054350e-001  1.0000000e+001
  9.2358516e-001 -1.6476557e-001  1.0000000e+001
  8.0517148e-001 -2.3505340e-001  1.0000000e+001
  8.9015366e-001 -2.3731359e-001  1.0000000e+001
  7.8623534e-001 -1.8112103e-001  1.0000000e+001
  8.8851979e-001 -2.2652900e-001  1.0000000e+001
  8.5205098e-001 -2.3453915e-001  1.0000000e+001
  8.2330115e-001 -2.0217386e-001  1.0000000e+001
  9.5038691e-001 -1.5769489e-001  1.0000000e+001
  9.1758383e-001 -2.8126259e-001  1.0000000e+001
  9.0866038e-001 -2.1667760e-001  1.0000000e+001
  7.8219256e-001 -2.4809189e-001  1.0000000e+001
  8.8585952e-001 -2.3192810e-001  1.0000000e+001
  9.2909423e-001 -1.6251795e-001  1.0000000e+001
  8.9346330e-001 -2.4201725e-001  1.0000000e+001
  7.9133595e-001 -2.0484880e-001  1.0000000e+001
  9.1697636e-001 -2.9260752e-001  1.0000000e+001
  8.6789742e-001 -1.8164680e-001  1.0000000e+001
  7.8337607e-001 -2.8438056e-001  1.0000000e+001
  9.1967853e-001 -2.5957192e-001  1.0000000e+001
  7.8513562e-001 -2.3758171e-001  1.0000000e+001
  7.8435011e-001 -2.4613648e-001  1.0000000e+001
  8.3571228e-001 -2.0036822e-001  1.0000000e+001
  8.2153112e-001 -2.1817426e-001  1.0000000e+001
  8.0443833e-001 -2.7691399e-001  1.0000000e+001
  8.3976553e-001 -2.0119144e-001  1.0000000e+001
  8.8629941e-001 -2.4311906e-001  1.0000000e+001
  9.1347820e-001 -2.4932777e-001  1.0000000e+001
  7.4116776e-001 -1.8699458e-001  1.0000000e+001
  8.7537552e-001 -2.5149788e-001  1.0000000e+001
  8.0720334e-001 -7.8864853e-002  1.0000000e+001
  8.3788030e-001 -1.3427713e-001  1.0000000e+001
  8.8091601e-001 -2.7675793e-001  1.0000000e+001
  8.1574974e-001 -2.0755620e-001  1.0000000e+001
  9.3580776e-001 -2.0236134e-001  1.0000000e+001
  9.0187354e-001 -1.5637313e-001  1.0000000e+001
  8.3679105e-001 -2.0726818e-001  1.0000000e+001
  8.4168219e-001 -2.6507785e-001  1.0000000e+001
  8.2181391e-001 -2.0829249e-001  1.0000000e+001
  8.7675802e-001 -2.5541288e-001  1.0000000e+001
  8.3359662e-001 -2.2348434e-001  1.0000000e+001
  8.8534631e-001 -2.0809559e-001  1.0000000e+001
 -7.3913972e-001  1.8060418e-001  1.1000000e+001
 -8.1152519e-001  1.7015788e-001  1.1000000e+001
 -8.2216021e-001  1.9568291e-001  1.1000000e+001
 -8.6148946e-001  2.5612458e-001  1.1000000e+001
 -8.0669113e-001  2.9807838e-001  1.1000000e+001
 -8.3656719e-001  1.4478891e-001  1.1000000e+001
 -8.5999122e-001  1.1609250e-001  1.1000000e+001
 -7.5615270e-001  1.5911460e-001  1.1000000e+001
 -9.3448563e-001  2.3219153e-001  1.1000000e+001
 -9.0147413e-001  2.4767978e-001  1.1000000e+001
 -8.6263578e-001  2.5405292e-001  1.1000000e+001
 -8.3290680e-001  2.6383938e-001  1.1000000e+001
 -8.8239032e-001  1.8445215e-001  1.1000000e+001
 -7.8730998e-001  4.1193172e-002  1.1000000e+001
 -7.7001567e-001  2.5932110e-001  1.1000000e+001
 -8.0846985e-001  2.6973912e-001  1.1000000e+001
 -9.2040105e-001  2.0514993e-001  1.1000000e+001
 -8.4388599e-001  1.9470049e-001  1.1000000e+001
 -7.9933264e-001  2.7725911e-001  1.1000000e+001
 -8.7605729e-001  2.5705987e-001  1.1000000e+001
 -8.1901994e-001  2.2988945e-001  1.1000000e+001
 -7.7649585e-001  2.0834226e-001  1.1000000e+001
 -7.5359978e-001  2.1716097e-001  1.1000000e+001
 -9.5803818e-001  1.7842778e-001  1.1000000e+001
 -8.3375124e-001  2.4112544e-001  1.1000000e+001
 -8.0014675e-001  2.2141008e-001  1.1000000e+001
 -8.3797519e-001  2.3211612e-001  1.1000000e+001
 -8.5720023e-001  2.3243661e-001  1.1000000e+001
 -8.9921572e-001  2.0537721e-001  1.1000000e+001
 -8.6933601e-001  2.3278957e-001  1.1000000e+001
 -8.3887626e-001  1.8872221e-001  1.1000000e+001
 -8.2316599e-001  1.7012018e-001  1.1000000e+001
 -8.1259757e-001  1.5833641e-001  1.1000000e+001
 -8.0263526e-001  6.1620736e-002  1.1000000e+001
 -8.7223278e-001  3.2285037e-001  1.1000000e+001
 -8.7214229e-001  2.8602545e-001  1.1000000e+001
 -8.7901774e-001  2.0916653e-001  1.1000000e+001
 -8.6096253e-001  2.7086083e-001  1.1000000e+001
 -7.7795146e-001  1.2962429e-001  1.1000000e+001
 -7.9986773e-001  2.0915396e-001  1.1000000e+001
 -8.5032939e-001  1.7120209e-001  1.1000000e+001
 -8.1604043e-001  1.0508377e-001  1.1000000e+001
 -7.0319845e-001  2.3785875e-001  1.1000000e+001
 -8.0709709e-001  1.4327548e-001  1.1000000e+001
 -8.4814506e-001  9.4797723e-002  1.1000000e+001
 -8.0688301e-001  1.9858513e-001  1.1000000e+001
 -8.0048798e-001  2.3346616e-001  1.1000000e+001
 -8.1756852e-001  1.3476784e-001  1.1000000e+001
 -7.5932587e-001  1.8830850e-001  1.1000000e+001
 -8.7330275e-001  1.2617536e-001  1.1000000e+001
 -3.4950959e-001  2.6921963e-001  1.2000000e+001
 -4.2390095e-001  2.4666384e-001  1.2000000e+001
 -4.0437306e-001  1.7564391e-001  1.2000000e+001
 -4.4375666e-001  1.5916278e-001  1.2000000e+001
 -3.3322326e-001  2.2415414e-001  1.2000000e+001
 -4.3532861e-001  1.9445122e-001  1.2000000e+001
 -3.7057604e-001  2.4218432e-001  1.2000000e+001
 -3.8741642e-001  2.4053474e-001  1.2000000e+001
 -4.5573313e-001  1.1468276e-001  1.2000000e+001
 -4.4891591e-001  1.3735271e-001  1.2000000e+001
 -5.0681775e-001  1.7690388e-001  1.2000000e+001
 -4.3153300e-001  3.1672754e-001  1.2000000e+001
 -5.0093896e-001  3.4723169e-001  1.2000000e+001
 -3.7281842e-001  2.7125045e-001  1.2000000e+001
 -4.0355717e-001  1.4738006e-001  1.2000000e+001
 -3.3366524e-001  1.1378727e-001  1.2000000e+001
 -4.2062902e-001  1.6030439e-001  1.2000000e+001
 -5.1975779e-001  2.2580372e-001  1.2000000e+001
 -4.9447051e-001  2.7096033e-001  1.2000000e+001
 -5.0524149e-001  1.3938457e-001  1.2000000e+001
 -4.8619957e-001  1.1745929e-001  1.2000000e+001
 -4.4160749e-001  2.8290434e-001  1.2000000e+001
 -5.0270794e-001  1.8280152e-001  1.2000000e+001
 -3.6492138e-001  2.1886606e-001  1.2000000e+001
 -4.3817846e-001  1.7673002e-001  1.2000000e+001
 -4.4306331e-001  2.4362443e-001  1.2000000e+001
 -3.2579753e-001  1.9170926e-001  1.2000000e+001
 -3.7511841e-001  2.1594080e-001  1.2000000e+001
 -4.8852365e-001  2.5179483e-001  1.2000000e+001
 -3.8803645e-001  2.2484435e-001  1.2000000e+001
 -3.4415343e-001  1.8727581e-001  1.2000000e+001
 -3.0967772e-001  2.4584063e-001  1.2000000e+001
 -5.4812010e-001  1.5565100e-001  1.2000000e+001
 -4.0679977e-001  1.9878098e-001  1.2000000e+001
 -3.8032270e-001  1.8544295e-001  1.2000000e+001
 -4.0672122e-001  2.7483763e-001  1.2000000e+001
 -4.6874649e-001  2.2419185e-001  1.2000000e+001
 -3.6646204e-001  2.3232664e-001  1.2000000e+001
 -4.4275539e-001  1.7382990e-001  1.2000000e+001
 -3.3389985e-001  1.9401867e-001  1.2000000e+001
 -4.4599380e-001  2.8641087e-001  1.2000000e+001
 -3.8827525e-001  3.0790988e-001  1.2000000e+001
 -4.4640751e-001  2.6791149e-001  1.2000000e+001
 -4.0044653e-001  1.7655930e-001  1.2000000e+001
 -3.9731914e-001  2.6146503e-001  1.2000000e+001
 -3.8066414e-001  1.1421669e-001  1.2000000e+001
 -4.3008975e-001  1.9062001e-001  1.2000000e+001
 -4.6415280e-001  1.7031917e-001  1.2000000e+001
 -5.1073066e-001  2.3814677e-001  1.2000000e+001
 -4.3548990e-001  2.7549013e-001  1.2000000e+001
 -1.0042723e-002  1.5652030e-001  1.3000000e+001
  2.5674022e-003  1.7413363e-001  1.3000000e+001
 -2.7463338e-002  2.4257917e-001  1.3000000e+001
  3.1968610e-003  3.0765328e-001  1.3000000e+001
  1.2020806e-002  3.0179439e-001  1.3000000e+001
  9.4402417e-002  2.6797119e-001  1.3000000e+001
  1.2351149e-001  1.1730114e-001  1.3000000e+001
  4.5948745e-002  2.3818762e-001  1.3000000e+001
  9.7896385e-002  2.0388682e-001  1.3000000e+001
 -2.6223272e-002  2.1341145e-001  1.3000000e+001
 -3.6586826e-002  1.9911613e-001  1.3000000e+001
 -1.6548877e-002  1.9119605e-001  1.3000000e+001
 -1.9092896e-002  2.3980683e-001  1.3000000e+001
  7.6597423e-002  1.7603981e-001  1.3000000e+001
  9.9742066e-004  1.7589318e-001  1.3000000e+001
 -4.3466885e-002  2.1680487e-001  1.3000000e+001
  2.2154917e-003  2.0784267e-001  1.3000000e+001
 -7.2781236e-002  2.1965157e-001  1.3000000e+001
 -1.3285326e-002  1.9494453e-001  1.3000000e+001
  3.8959762e-002  1.4605411e-001  1.3000000e+001
  6.0366601e-002  3.2650144e-001  1.3000000e+001
  8.2893060e-002  2.2396876e-001  1.3000000e+001
 -9.5024910e-002  1.2461480e-001  1.3000000e+001
  1.0338758e-002  2.0454351e-001  1.3000000e+001
  6.2844564e-003  1.5282210e-001  1.3000000e+001
 -1.3078998e-002  1.4402539e-001  1.3000000e+001
 -2.7919009e-003  2.4086256e-001  1.3000000e+001
  2.2232494e-002  2.4591708e-001  1.3000000e+001
  7.1900047e-002  2.5521862e-001  1.3000000e+001
 -1.3101299e-001  1.4134626e-001  1.3000000e+001
 -1.9548495e-002  2.3294353e-001  1.3000000e+001
 -7.0393272e-002  3.1043295e-001  1.3000000e+001
 -1.7200330e-002  2.0142450e-001  1.3000000e+001
 -1.4223754e-002  2.2479931e-001  1.3000000e+001
  2.8991060e-002  1.1081489e-001  1.3000000e+001
 -8.4811200e-003  1.6559352e-001  1.3000000e+001
 -2.1896659e-002  2.4745879e-001  1.3000000e+001
 -4.0029474e-002  2.4735300e-001  1.3000000e+001
  6.9717364e-002  2.1626653e-001  1.3000000e+001
  2.3071423e-002  1.4560584e-001  1.3000000e+001
  2.9289555e-002  1.5742522e-001  1.3000000e+001
 -1.0101374e-002  2.0576892e-001  1.3000000e+001
  3.2986710e-002  2.8867944e-001  1.3000000e+001
 -9.8007843e-003  3.0140896e-001  1.3000000e+001
  4.1285932e-002  1.9596884e-001  1.3000000e+001
 -4.7676195e-002  2.1841570e-001  1.3000000e+001
  5.6635931e-002  2.2362628e-001  1.3000000e+001
 -5.1017250e-002  2.5095904e-001  1.3000000e+001
  8.1909596e-002  2.4586053e-001  1.3000000e+001
 -5.0598309e-002  1.4317808e-001  1.3000000e+001
  4.2668968e-001  2.6597179e-001  1.4000000e+001
  4.1672936e-001  2.7581167e-001  1.4000000e+001
  3.6967181e-001  2.6261293e-001  1.4000000e+001
  4.1491744e-001  2.5472741e-001  1.4000000e+001
  4.3191597e-001  2.3028220e-001  1.4000000e+001
  4.8626309e-001  1.6212678e-001  1.4000000e+001
  5.2860756e-001  1.7817432e-001  1.4000000e+001
  3.8582198e-001  2.6001026e-001  1.4000000e+001
  4.7090891e-001  1.6441839e-001  1.4000000e+001
  4.1310552e-001  2.2144360e-001  1.4000000e+001
  5.0775477e-001  2.3028744e-001  1.4000000e+001
  4.5659160e-001  1.9640140e-001  1.4000000e+001
  3.6126157e-001  1.2294951e-001  1.4000000e+001
  3.8525641e-001  2.3352795e-001  1.4000000e+001
  4.2872154e-001  2.0163083e-001  1.4000000e+001
  4.1337783e-001  1.9346567e-001  1.4000000e+001
  4.2430172e-001  7.3640154e-002  1.4000000e+001
  4.4354158e-001  2.9247505e-001  1.4000000e+001
  3.1067444e-001  1.3939714e-001  1.4000000e+001
  4.4790904e-001  2.9945041e-001  1.4000000e+001
  4.6572451e-001  2.1228450e-001  1.4000000e+001
  2.9080616e-001  2.0787200e-001  1.4000000e+001
  4.2714004e-001  1.8776283e-001  1.4000000e+001
  3.9414844e-001  1.7773234e-001  1.4000000e+001
  4.7571625e-001  2.6071827e-001  1.4000000e+001
  3.9211657e-001  2.0942941e-001  1.4000000e+001
  4.3972922e-001  2.2438666e-001  1.4000000e+001
  4.4037858e-001  1.6947396e-001  1.4000000e+001
  4.1739966e-001  1.7137281e-001  1.4000000e+001
  4.3423062e-001  2.5960598e-001  1.4000000e+001
  3.9594988e-001  2.2656515e-001  1.4000000e+001
  3.2140980e-001  2.4302534e-001  1.4000000e+001
  3.3120255e-001  1.3808376e-001  1.4000000e+001
  4.2822929e-001  1.9445751e-001  1.4000000e+001
  3.8803190e-001  2.7798702e-001  1.4000000e+001
  4.9806676e-001  1.3349426e-001  1.4000000e+001
  3.4831629e-001  1.7617702e-001  1.4000000e+001
  3.9386565e-001  2.9399475e-001  1.4000000e+001
  3.6411036e-001  1.3021919e-001  1.4000000e+001
  3.9987745e-001  2.1456563e-001  1.4000000e+001
  4.3657669e-001  1.8266013e-001  1.4000000e+001
  3.5128030e-001  1.5151710e-001  1.4000000e+001
  3.5349021e-001  1.3729824e-001  1.4000000e+001
  4.7340160e-001  1.6940798e-001  1.4000000e+001
  3.8297318e-001  2.0730224e-001  1.4000000e+001
  3.7182935e-001  2.0490904e-001  1.4000000e+001
  4.3602159e-001  2.3246174e-001  1.4000000e+001
  4.6012117e-001  2.6355869e-001  1.4000000e+001
  4.3829435e-001  1.6399631e-001  1.4000000e+001
  5.1488724e-001  2.3868721e-001  1.4000000e+001
  7.9487600e-001  1.4854576e-001  1.5000000e+001
  7.7868393e-001  1.7262440e-001  1.5000000e+001
  8.3471729e-001  1.7890328e-001  1.5000000e+001
  8.3106203e-001  1.5377624e-001  1.5000000e+001
  8.1557169e-001  1.0555822e-001  1.5000000e+001
  7.9050854e-001  1.6551706e-001  1.5000000e+001
  9.3365022e-001  1.5241678e-001  1.5000000e+001
  8.8161774e-001  2.3662707e-001  1.5000000e+001
  9.3693890e-001  1.7477461e-001  1.5000000e+001
  8.3275874e-001  2.5346745e-001  1.5000000e+001
  8.5053232e-001  1.8813150e-001  1.5000000e+001
  8.5952907e-001  3.0970085e-001  1.5000000e+001
  9.4547483e-001  2.1090828e-001  1.5000000e+001
  8.2761624e-001  1.9672084e-001  1.5000000e+001
  7.8361696e-001  2.3997126e-001  1.5000000e+001
  8.7404538e-001  1.5550123e-001  1.5000000e+001
  7.8982776e-001  1.7649227e-001  1.5000000e+001
  9.0064814e-001  2.8058864e-001  1.5000000e+001
  8.2382483e-001  1.7995796e-001  1.5000000e+001
  8.4480330e-001  2.3621860e-001  1.5000000e+001
  8.3708431e-001  1.7770301e-001  1.5000000e+001
  8.2948053e-001  1.8268003e-001  1.5000000e+001
  8.5029142e-001  2.3120597e-001  1.5000000e+001
  8.7288282e-001  7.0147233e-002  1.5000000e+001
  8.9175611e-001  2.2394363e-001  1.5000000e+001
  8.7760638e-001  2.5281076e-001  1.5000000e+001
  8.1197927e-001  2.0078457e-001  1.5000000e+001
  9.2522950e-001  2.4316883e-001  1.5000000e+001
  1.0000000e+000  1.7612884e-001  1.5000000e+001
  8.5634512e-001  2.4812281e-001  1.5000000e+001
  8.3206749e-001  2.1165609e-001  1.5000000e+001
  8.4685611e-001  2.2392792e-001  1.5000000e+001
  9.2450683e-001  2.1705519e-001  1.5000000e+001
  8.2208622e-001  1.7850738e-001  1.5000000e+001
  8.3513623e-001  2.0146953e-001  1.5000000e+001
  7.3109223e-001  3.0127071e-001  1.5000000e+001
  7.0603956e-001  1.9010157e-001  1.5000000e+001
  7.4920096e-001  1.7253328e-001  1.5000000e+001
  9.0404156e-001  1.4422753e-001  1.5000000e+001
  9.6012729e-001  1.9839765e-001  1.5000000e+001
  8.3973411e-001  2.3669724e-001  1.5000000e+001
  7.4676062e-001  2.3033876e-001  1.5000000e+001
  9.1737436e-001  2.0632192e-001  1.5000000e+001
  7.7699769e-001  1.8914848e-001  1.5000000e+001
  8.8804848e-001  1.8680136e-001  1.5000000e+001
  8.4482424e-001  1.9281212e-001  1.5000000e+001
  9.1223186e-001  3.3895446e-001  1.5000000e+001
  8.0694150e-001  2.0862400e-001  1.5000000e+001
  8.5458557e-001  2.7035391e-001  1.5000000e+001
  8.4289712e-001  1.6169527e-001  1.5000000e+001
 -9.3344781e-001  6.2095099e-001  1.6000000e+001
 -8.4081461e-001  5.6132521e-001  1.6000000e+001
 -9.2110256e-001  5.6520042e-001  1.6000000e+001
 -7.9468889e-001  6.1976749e-001  1.6000000e+001
 -8.0835035e-001  6.6721256e-001  1.6000000e+001
 -8.3809343e-001  5.7476275e-001  1.6000000e+001
 -8.8083605e-001  6.2495188e-001  1.6000000e+001
 -8.7366252e-001  6.6165111e-001  1.6000000e+001
 -8.9953757e-001  6.1883534e-001  1.6000000e+001
 -7.6892674e-001  6.5956688e-001  1.6000000e+001
 -7.9374083e-001  5.7933968e-001  1.6000000e+001
 -8.0965985e-001  6.2089863e-001  1.6000000e+001
 -8.9913225e-001  6.0081040e-001  1.6000000e+001
 -8.7837477e-001  6.7176854e-001  1.6000000e+001
 -8.2994084e-001  6.1050889e-001  1.6000000e+001
 -8.0180282e-001  6.4087164e-001  1.6000000e+001
 -7.4560660e-001  6.0948248e-001  1.6000000e+001
 -8.9085973e-001  6.9116551e-001  1.6000000e+001
 -9.2270533e-001  5.9717609e-001  1.6000000e+001
 -7.3935254e-001  6.7122392e-001  1.6000000e+001
 -8.4092049e-001  7.2229283e-001  1.6000000e+001
 -7.3714451e-001  6.7324531e-001  1.6000000e+001
 -9.0347499e-001  5.5334439e-001  1.6000000e+001
 -7.9264100e-001  6.1146198e-001  1.6000000e+001
 -7.8377118e-001  5.8742524e-001  1.6000000e+001
 -8.8047084e-001  5.3104625e-001  1.6000000e+001
 -8.3313888e-001  6.1733763e-001  1.6000000e+001
 -7.2627373e-001  6.1888771e-001  1.6000000e+001
 -7.9912066e-001  6.1860492e-001  1.6000000e+001
 -8.8575504e-001  6.9514545e-001  1.6000000e+001
 -8.3117701e-001  5.4780389e-001  1.6000000e+001
 -7.9889600e-001  5.9685141e-001  1.6000000e+001
 -7.7849357e-001  6.3939487e-001  1.6000000e+001
 -8.2199756e-001  7.0992359e-001  1.6000000e+001
 -8.3980426e-001  5.6614303e-001  1.6000000e+001
 -8.8335085e-001  5.7494080e-001  1.6000000e+001
 -8.4128708e-001  6.4153147e-001  1.6000000e+001
 -8.3359472e-001  6.0113508e-001  1.6000000e+001
 -8.5715164e-001  5.6003697e-001  1.6000000e+001
 -8.9306085e-001  6.0303079e-001  1.6000000e+001
 -8.9034150e-001  6.5283241e-001  1.6000000e+001
 -8.8228433e-001  6.9647559e-001  1.6000000e+001
 -8.1861430e-001  6.1037273e-001  1.6000000e+001
 -8.5988344e-001  5.4382395e-001  1.6000000e+001
 -8.2336237e-001  6.4787843e-001  1.6000000e+001
 -8.2695185e-001  6.6628041e-001  1.6000000e+001
 -9.0929157e-001  6.6700309e-001  1.6000000e+001
 -8.4051497e-001  5.9750077e-001  1.6000000e+001
 -7.6796328e-001  6.3179109e-001  1.6000000e+001
 -8.4746364e-001  7.1798821e-001  1.6000000e+001
 -4.1945284e-001  6.2139088e-001  1.7000000e+001
 -3.3957859e-001  6.1403847e-001  1.7000000e+001
 -3.7543366e-001  5.9415972e-001  1.7000000e+001
 -4.0412902e-001  7.3735376e-001  1.7000000e+001
 -4.4866246e-001  6.8133087e-001  1.7000000e+001
 -4.7452578e-001  6.6931773e-001  1.7000000e+001
 -4.7248763e-001  7.1315991e-001  1.7000000e+001
 -4.5984923e-001  6.2237539e-001  1.7000000e+001
 -4.3106693e-001  5.5288355e-001  1.7000000e+001
 -4.0770783e-001  5.9417019e-001  1.7000000e+001
 -4.0026639e-001  6.0649753e-001  1.7000000e+001
 -4.5373478e-001  6.1262454e-001  1.7000000e+001
 -3.9250341e-001  6.5375408e-001  1.7000000e+001
 -4.5347190e-001  6.7870201e-001  1.7000000e+001
 -3.9174408e-001  6.0788003e-001  1.7000000e+001
 -4.4082512e-001  6.4400322e-001  1.7000000e+001
 -4.0048528e-001  6.6496075e-001  1.7000000e+001
 -5.0458794e-001  6.9646511e-001  1.7000000e+001
 -4.1801378e-001  6.3025148e-001  1.7000000e+001
 -5.2553813e-001  6.3170730e-001  1.7000000e+001
 -3.8194086e-001  6.2394642e-001  1.7000000e+001
 -4.4804766e-001  5.3172703e-001  1.7000000e+001
 -4.5138243e-001  6.2266865e-001  1.7000000e+001
 -4.3046680e-001  7.0345096e-001  1.7000000e+001
 -4.1678419e-001  6.4329102e-001  1.7000000e+001
 -4.2624806e-001  6.8959448e-001  1.7000000e+001
 -5.0672140e-001  5.4833804e-001  1.7000000e+001
 -3.9372672e-001  5.8571805e-001  1.7000000e+001
 -4.2856376e-001  6.8807582e-001  1.7000000e+001
 -4.1601648e-001  6.3182251e-001  1.7000000e+001
 -4.0682072e-001  6.6481412e-001  1.7000000e+001
 -4.4519048e-001  6.6667841e-001  1.7000000e+001
 -4.5564934e-001  7.1676281e-001  1.7000000e+001
 -3.9618067e-001  6.4383565e-001  1.7000000e+001
 -3.5580208e-001  6.3863030e-001  1.7000000e+001
 -3.5719401e-001  6.4762706e-001  1.7000000e+001
 -3.7859876e-001  5.9972116e-001  1.7000000e+001
 -3.6996753e-001  6.2519277e-001  1.7000000e+001
 -4.6116051e-001  5.9178222e-001  1.7000000e+001
 -4.1265657e-001  6.3142452e-001  1.7000000e+001
 -3.9908078e-001  7.0624739e-001  1.7000000e+001
 -3.8054055e-001  6.6716019e-001  1.7000000e+001
 -4.5661291e-001  6.3680791e-001  1.7000000e+001
 -4.8564971e-001  6.4441169e-001  1.7000000e+001
 -4.8484325e-001  5.8764518e-001  1.7000000e+001
 -3.9338947e-001  5.6155563e-001  1.7000000e+001
 -4.2897642e-001  6.1524292e-001  1.7000000e+001
 -4.1595259e-001  6.0482176e-001  1.7000000e+001
 -4.7386804e-001  6.7602079e-001  1.7000000e+001
 -3.8821345e-001  6.2014453e-001  1.7000000e+001
 -6.0629852e-002  6.4657971e-001  1.8000000e+001
 -5.2412323e-002  5.6909657e-001  1.8000000e+001
  3.1272194e-002  6.0953485e-001  1.8000000e+001
 -3.8583080e-002  4.7066637e-001  1.8000000e+001
 -4.9256650e-002  6.1029942e-001  1.8000000e+001
 -4.6170102e-002  7.1235345e-001  1.8000000e+001
 -5.8993887e-002  6.2731890e-001  1.8000000e+001
 -1.2277773e-002  6.8708083e-001  1.8000000e+001
 -2.8172396e-002  5.7973767e-001  1.8000000e+001
  3.3287300e-002  7.0132483e-001  1.8000000e+001
 -2.6010660e-002  6.3035622e-001  1.8000000e+001
  1.0818446e-002  6.8967827e-001  1.8000000e+001
 -9.3210895e-002  6.1914955e-001  1.8000000e+001
  4.6003208e-002  6.1597607e-001  1.8000000e+001
  2.9683360e-002  5.9806634e-001  1.8000000e+001
  1.5029850e-002  5.9253632e-001  1.8000000e+001
 -2.0833596e-002  6.9007626e-001  1.8000000e+001
 -2.2063188e-002  5.0382556e-001  1.8000000e+001
 -5.2527532e-002  7.8856930e-001  1.8000000e+001
  5.4488858e-002  5.5543909e-001  1.8000000e+001
  6.8967460e-002  5.9707136e-001  1.8000000e+001
 -2.2351210e-002  5.5890583e-001  1.8000000e+001
  6.0191693e-002  6.6114838e-001  1.8000000e+001
 -1.2518028e-001  6.9035905e-001  1.8000000e+001
  1.6003888e-002  6.0435046e-001  1.8000000e+001
 -2.2807929e-003  7.0881340e-001  1.8000000e+001
 -3.4382149e-002  6.1696058e-001  1.8000000e+001
  6.7998659e-002  7.0577608e-001  1.8000000e+001
 -1.5428210e-002  6.5296856e-001  1.8000000e+001
 -5.5233964e-003  6.8483950e-001  1.8000000e+001
 -9.0632313e-002  5.9290289e-001  1.8000000e+001
  3.5813515e-002  6.0902165e-001  1.8000000e+001
 -3.6936715e-003  5.9207548e-001  1.8000000e+001
 -4.4509001e-002  5.7294035e-001  1.8000000e+001
 -2.5282750e-002  6.8528986e-001  1.8000000e+001
  5.7690615e-002  6.6761055e-001  1.8000000e+001
 -1.6528977e-002  6.8892417e-001  1.8000000e+001
 -7.6761176e-002  5.5709391e-001  1.8000000e+001
  5.0657642e-002  5.5912577e-001  1.8000000e+001
  5.0351815e-002  6.4271498e-001  1.8000000e+001
 -3.9920549e-002  5.8577042e-001  1.8000000e+001
 -1.7952329e-002  6.1065552e-001  1.8000000e+001
  4.3981817e-002  6.0210912e-001  1.8000000e+001
  1.0817398e-002  6.2047968e-001  1.8000000e+001
  2.3112270e-002  6.3054474e-001  1.8000000e+001
 -8.0341027e-002  6.6388198e-001  1.8000000e+001
 -5.3955074e-002  6.6289746e-001  1.8000000e+001
  4.6168689e-002  6.8614869e-001  1.8000000e+001
  4.5465916e-002  5.1850944e-001  1.8000000e+001
 -4.7623827e-002  5.9987826e-001  1.8000000e+001
  4.6531604e-001  6.6033145e-001  1.9000000e+001
  4.0784781e-001  6.1649975e-001  1.9000000e+001
  3.7023738e-001  6.1143056e-001  1.9000000e+001
  3.6901197e-001  5.6053970e-001  1.9000000e+001
  4.6813342e-001  6.5477001e-001  1.9000000e+001
  4.8453496e-001  6.0567012e-001  1.9000000e+001
  4.3197881e-001  6.0608906e-001  1.9000000e+001
  4.0785828e-001  6.8597064e-001  1.9000000e+001
  3.1597404e-001  7.0973507e-001  1.9000000e+001
  3.5754346e-001  6.2490999e-001  1.9000000e+001
  4.5980697e-001  6.3474463e-001  1.9000000e+001
  5.2518272e-001  6.1034131e-001  1.9000000e+001
  4.3053346e-001  7.0169140e-001  1.9000000e+001
  3.9429507e-001  6.5671808e-001  1.9000000e+001
  4.3297380e-001  6.0533497e-001  1.9000000e+001
  4.6220541e-001  5.5426606e-001  1.9000000e+001
  4.1291699e-001  6.3069137e-001  1.9000000e+001
  3.7018501e-001  5.6229925e-001  1.9000000e+001
  5.1498150e-001  6.5494806e-001  1.9000000e+001
  4.2191375e-001  6.4010707e-001  1.9000000e+001
  4.2897291e-001  6.5493758e-001  1.9000000e+001
  4.1103176e-001  4.9989798e-001  1.9000000e+001
  3.9243078e-001  6.0821519e-001  1.9000000e+001
  4.2482539e-001  6.5619441e-001  1.9000000e+001
  4.1382819e-001  6.9269464e-001  1.9000000e+001
  4.7679503e-001  5.6473958e-001  1.9000000e+001
  4.5827783e-001  6.5070628e-001  1.9000000e+001
  4.0404592e-001  6.2523467e-001  1.9000000e+001
  3.9648403e-001  6.7322436e-001  1.9000000e+001
  3.5954391e-001  6.9444372e-001  1.9000000e+001
  4.4143640e-001  5.6251919e-001  1.9000000e+001
  4.7158968e-001  5.4517504e-001  1.9000000e+001
  4.6057154e-001  6.8081767e-001  1.9000000e+001
  3.7644818e-001  6.8912317e-001  1.9000000e+001
  3.4925891e-001  7.0788126e-001  1.9000000e+001
  3.6272786e-001  6.3638897e-001  1.9000000e+001
  4.4076610e-001  5.5777469e-001  1.9000000e+001
  4.5526146e-001  6.9707258e-001  1.9000000e+001
  3.5029578e-001  6.7997978e-001  1.9000000e+001
  4.0078865e-001  5.8383282e-001  1.9000000e+001
  3.8981240e-001  5.8853543e-001  1.9000000e+001
  4.0842385e-001  6.7765466e-001  1.9000000e+001
  4.4441089e-001  5.3525661e-001  1.9000000e+001
  4.1943153e-001  5.6186984e-001  1.9000000e+001
  4.0871711e-001  5.8873443e-001  1.9000000e+001
  4.4206482e-001  6.9232807e-001  1.9000000e+001
  3.5113367e-001  6.4069359e-001  1.9000000e+001
  4.7254278e-001  6.1471925e-001  1.9000000e+001
  3.2861559e-001  6.0000394e-001  1.9000000e+001
  4.9136370e-001  6.5779686e-001  1.9000000e+001
  9.7421418e-001  6.4013849e-001  2.0000000e+001
  8.3695863e-001  5.5402516e-001  2.0000000e+001
  8.7730265e-001  6.4338529e-001  2.0000000e+001
  7.8370075e-001  6.5959830e-001  2.0000000e+001
  8.7140605e-001  5.5677970e-001  2.0000000e+001
  9.1700778e-001  6.1146198e-001  2.0000000e+001
  8.2895685e-001  5.0889474e-001  2.0000000e+001
  8.1802249e-001  6.3967766e-001  2.0000000e+001
  8.2652699e-001  6.7732998e-001  2.0000000e+001
  7.9188057e-001  7.1058343e-001  2.0000000e+001
  8.9023745e-001  6.5134517e-001  2.0000000e+001
  8.4113756e-001  6.4347955e-001  2.0000000e+001
  7.8122900e-001  5.6418448e-001  2.0000000e+001
  8.5768573e-001  6.0552349e-001  2.0000000e+001
  7.6089988e-001  6.6150448e-001  2.0000000e+001
  8.4319037e-001  6.2950786e-001  2.0000000e+001
  8.7624482e-001  6.3676602e-001  2.0000000e+001
  8.5771715e-001  6.5645625e-001  2.0000000e+001
  9.0512033e-001  6.6050950e-001  2.0000000e+001
  8.8921105e-001  6.3164446e-001  2.0000000e+001
  7.8062153e-001  6.2979065e-001  2.0000000e+001
  8.5106647e-001  5.6064443e-001  2.0000000e+001
  9.0023967e-001  6.9731347e-001  2.0000000e+001
  8.9167232e-001  7.5034093e-001  2.0000000e+001
  8.9403934e-001  5.7229099e-001  2.0000000e+001
  8.3878102e-001  7.0433073e-001  2.0000000e+001
  8.6276539e-001  6.3948913e-001  2.0000000e+001
  8.3922091e-001  6.4340623e-001  2.0000000e+001
  8.5703638e-001  6.8531081e-001  2.0000000e+001
  8.0886863e-001  6.7705767e-001  2.0000000e+001
  8.2582527e-001  6.2261628e-001  2.0000000e+001
  8.4256196e-001  6.6921300e-001  2.0000000e+001
  8.5952907e-001  6.6353635e-001  2.0000000e+001
  8.6386511e-001  5.8359193e-001  2.0000000e+001
  9.2561702e-001  6.8130992e-001  2.0000000e+001
  8.0484680e-001  6.3643086e-001  2.0000000e+001
  7.7845351e-001  5.8413655e-001  2.0000000e+001
  7.4638358e-001  7.2266987e-001  2.0000000e+001
  8.8324114e-001  6.4010707e-001  2.0000000e+001
  8.8502164e-001  6.1973606e-001  2.0000000e+001
  8.6941608e-001  5.5119731e-001  2.0000000e+001
  8.1783397e-001  6.1592370e-001  2.0000000e+001
  8.5616707e-001  6.1014232e-001  2.0000000e+001
  8.6484963e-001  6.6240521e-001  2.0000000e+001
  7.8190978e-001  6.9356395e-001  2.0000000e+001
  8.3620453e-001  6.7203038e-001  2.0000000e+001
  8.6791837e-001  7.2285840e-001  2.0000000e+001
  8.6276539e-001  5.3149661e-001  2.0000000e+001
  8.6354043e-001  6.9501977e-001  2.0000000e+001
  8.4544218e-001  6.1723289e-001  2.0000000e+001
